s,t,o,h,l,c,v
ok,2024-01-02 04:00:00,0.69,0.69,0.69,0.69,433
ok,2024-01-02 07:00:00,0.68,0.68,0.6,0.61,8265
ok,2024-01-02 07:30:00,0.61,0.65,0.6,0.61,11353
ok,2024-01-02 08:00:00,0.61,0.64,0.6,0.63,8716
ok,2024-01-02 08:30:00,0.63,0.63,0.62,0.62,2101
ok,2024-01-02 09:00:00,0.65,0.65,0.65,0.65,100
ok,2024-01-02 09:30:00,0.64,0.72,0.64,0.72,13429
ok,2024-01-02 10:00:00,0.71,0.71,0.66,0.68,6069
ok,2024-01-02 10:30:00,0.66,0.7,0.65,0.68,15849
ok,2024-01-02 11:00:00,0.69,0.69,0.65,0.69,6167
ok,2024-01-02 11:30:00,0.65,0.69,0.65,0.69,4149
ok,2024-01-02 12:00:00,0.66,0.66,0.66,0.66,820
ok,2024-01-02 12:30:00,0.66,0.66,0.65,0.66,2255
ok,2024-01-02 13:00:00,0.65,0.69,0.65,0.69,4193
ok,2024-01-02 14:00:00,0.67,0.69,0.67,0.67,1287
ok,2024-01-02 14:30:00,0.65,0.69,0.65,0.69,17316
ok,2024-01-02 15:00:00,0.67,0.69,0.65,0.68,3962
ok,2024-01-02 15:30:00,0.68,0.68,0.65,0.65,5101
ok,2024-01-02 16:00:00,0.64,0.64,0.64,0.64,1170
ok,2024-01-02 17:00:00,0.67,0.67,0.67,0.67,100
ok,2024-01-02 17:30:00,0.67,0.67,0.64,0.64,561
ok,2024-01-03 07:30:00,0.65,0.65,0.65,0.65,659
ok,2024-01-03 09:30:00,0.7,0.7,0.67,0.67,2247
ok,2024-01-03 10:00:00,0.65,0.7,0.63,0.7,1448
ok,2024-01-03 10:30:00,0.63,0.69,0.63,0.64,3117
ok,2024-01-03 11:30:00,0.68,0.69,0.63,0.63,7567
ok,2024-01-03 12:00:00,0.66,0.66,0.66,0.66,100
ok,2024-01-03 12:30:00,0.67,0.67,0.67,0.67,2113
ok,2024-01-03 13:00:00,0.64,0.67,0.63,0.67,1739
ok,2024-01-03 13:30:00,0.67,0.67,0.65,0.65,2482
ok,2024-01-03 14:00:00,0.66,0.67,0.66,0.67,11036
ok,2024-01-03 14:30:00,0.66,0.69,0.66,0.68,18699
ok,2024-01-03 15:00:00,0.68,0.69,0.68,0.68,4373
ok,2024-01-03 15:30:00,0.68,0.68,0.64,0.68,10824
ok,2024-01-03 16:00:00,0.68,0.68,0.68,0.68,1000
ok,2024-01-04 09:30:00,0.66,0.68,0.6,0.62,41761
ok,2024-01-04 10:00:00,0.62,0.66,0.61,0.63,83873
ok,2024-01-04 10:30:00,0.66,0.67,0.66,0.67,346
ok,2024-01-04 11:00:00,0.65,0.66,0.65,0.66,4631
ok,2024-01-04 11:30:00,0.66,0.66,0.66,0.66,1548
ok,2024-01-04 12:00:00,0.65,0.66,0.63,0.63,2104
ok,2024-01-04 12:30:00,0.66,0.66,0.65,0.65,646
ok,2024-01-04 13:00:00,0.63,0.65,0.63,0.65,246
ok,2024-01-04 14:00:00,0.65,0.65,0.63,0.63,944
ok,2024-01-04 14:30:00,0.65,0.65,0.64,0.65,546
ok,2024-01-04 15:00:00,0.63,0.63,0.63,0.63,3100
ok,2024-01-04 15:30:00,0.65,0.65,0.63,0.63,4705
ok,2024-01-04 17:00:00,0.65,0.65,0.65,0.65,220
ok,2024-01-05 05:00:00,0.64,0.64,0.64,0.64,300
ok,2024-01-05 08:00:00,0.64,0.64,0.64,0.64,158
ok,2024-01-05 09:30:00,0.66,0.66,0.62,0.62,4670
ok,2024-01-05 10:00:00,0.65,0.65,0.64,0.64,600
ok,2024-01-05 10:30:00,0.62,0.65,0.62,0.65,1146
ok,2024-01-05 13:00:00,0.64,0.64,0.63,0.64,900
ok,2024-01-05 13:30:00,0.64,0.64,0.62,0.62,200
ok,2024-01-05 14:00:00,0.64,0.64,0.63,0.64,6229
ok,2024-01-05 14:30:00,0.64,0.65,0.63,0.65,1750
ok,2024-01-05 15:30:00,0.63,0.63,0.63,0.63,100
ok,2024-01-08 06:00:00,0.63,0.65,0.63,0.65,4672
ok,2024-01-08 07:30:00,0.65,0.67,0.65,0.66,11792
ok,2024-01-08 08:30:00,0.7,0.81,0.61,0.62,201440
ok,2024-01-08 09:00:00,0.66,0.7,0.62,0.7,43212
ok,2024-01-08 09:30:00,0.63,0.67,0.62,0.63,66942
ok,2024-01-08 10:00:00,0.64,0.64,0.63,0.63,2052
ok,2024-01-08 10:30:00,0.63,0.64,0.62,0.62,28167
ok,2024-01-08 11:00:00,0.63,0.63,0.62,0.62,9500
ok,2024-01-08 11:30:00,0.61,0.61,0.54,0.6,138511
ok,2024-01-08 12:00:00,0.56,0.56,0.56,0.56,500
ok,2024-01-08 12:30:00,0.58,0.58,0.55,0.57,11447
ok,2024-01-08 13:00:00,0.58,0.58,0.55,0.57,3246
ok,2024-01-08 13:30:00,0.57,0.58,0.55,0.57,11438
ok,2024-01-08 14:00:00,0.57,0.57,0.57,0.57,2260
ok,2024-01-08 14:30:00,0.57,0.57,0.57,0.57,3304
ok,2024-01-08 15:00:00,0.57,0.57,0.57,0.57,3038
ok,2024-01-08 15:30:00,0.57,0.6,0.57,0.6,71972
ok,2024-01-08 16:00:00,0.58,0.58,0.58,0.58,300
ok,2024-01-08 16:30:00,0.59,0.6,0.59,0.6,402
ok,2024-01-08 17:30:00,0.6,0.6,0.6,0.6,5570
ok,2024-01-09 04:00:00,0.59,0.59,0.59,0.59,100
ok,2024-01-09 05:00:00,0.6,0.6,0.59,0.6,2000
ok,2024-01-09 06:00:00,0.6,0.6,0.6,0.6,100
ok,2024-01-09 06:30:00,0.59,0.6,0.59,0.6,4000
ok,2024-01-09 07:00:00,0.59,0.63,0.59,0.61,6916
ok,2024-01-09 07:30:00,0.64,0.65,0.64,0.65,214
ok,2024-01-09 08:00:00,0.6,0.66,0.58,0.61,5015
ok,2024-01-09 08:30:00,0.58,0.58,0.58,0.58,200
ok,2024-01-09 09:30:00,0.6,0.6,0.55,0.58,23364
ok,2024-01-09 10:00:00,0.56,0.6,0.56,0.6,6900
ok,2024-01-09 10:30:00,0.57,0.57,0.57,0.57,300
ok,2024-01-09 11:30:00,0.58,0.58,0.56,0.58,838
ok,2024-01-09 12:00:00,0.6,0.6,0.56,0.56,4445
ok,2024-01-09 12:30:00,0.59,0.59,0.59,0.59,250
ok,2024-01-09 13:00:00,0.6,0.6,0.57,0.57,4350
ok,2024-01-09 13:30:00,0.58,0.58,0.58,0.58,105
ok,2024-01-09 14:00:00,0.57,0.57,0.57,0.57,100
ok,2024-01-09 15:00:00,0.57,0.58,0.57,0.57,3750
ok,2024-01-09 15:30:00,0.59,0.59,0.57,0.57,2175
ok,2024-01-09 16:00:00,0.58,0.58,0.58,0.58,560
ok,2024-01-10 05:00:00,0.57,0.57,0.57,0.57,820
ok,2024-01-10 08:00:00,0.57,0.57,0.56,0.56,655
ok,2024-01-10 09:00:00,0.56,0.56,0.56,0.56,264
ok,2024-01-10 09:30:00,0.55,0.59,0.55,0.59,1700
ok,2024-01-10 10:00:00,0.57,0.57,0.57,0.57,3233
ok,2024-01-10 10:30:00,0.56,0.56,0.56,0.56,3000
ok,2024-01-10 11:00:00,0.56,0.57,0.56,0.57,630
ok,2024-01-10 11:30:00,0.56,0.59,0.56,0.58,10579
ok,2024-01-10 12:00:00,0.58,0.59,0.58,0.59,570
ok,2024-01-10 12:30:00,0.58,0.58,0.58,0.58,608
ok,2024-01-10 13:30:00,0.58,0.58,0.56,0.56,1240
ok,2024-01-10 14:00:00,0.57,0.57,0.57,0.57,100
ok,2024-01-10 14:30:00,0.56,0.56,0.56,0.56,100
ok,2024-01-10 15:30:00,0.56,0.58,0.56,0.58,8404
ok,2024-01-11 07:00:00,0.56,0.56,0.56,0.56,250
ok,2024-01-11 08:00:00,0.56,0.56,0.56,0.56,1205
ok,2024-01-11 09:00:00,0.6,0.6,0.6,0.6,100
ok,2024-01-11 09:30:00,0.58,0.58,0.56,0.58,1987
ok,2024-01-11 10:00:00,0.56,0.59,0.56,0.59,10214
ok,2024-01-11 10:30:00,0.56,0.56,0.56,0.56,15140
ok,2024-01-11 11:30:00,0.57,0.57,0.57,0.57,750
ok,2024-01-11 12:00:00,0.57,0.57,0.57,0.57,2583
ok,2024-01-11 12:30:00,0.6,0.6,0.6,0.6,200
ok,2024-01-11 13:00:00,0.6,0.6,0.59,0.6,1900
ok,2024-01-11 14:30:00,0.59,0.59,0.56,0.56,13299
ok,2024-01-11 15:00:00,0.59,0.59,0.59,0.59,100
ok,2024-01-11 15:30:00,0.59,0.59,0.57,0.58,8991
ok,2024-01-11 16:30:00,0.6,0.6,0.6,0.6,183
ok,2024-01-12 09:30:00,0.6,0.6,0.58,0.58,2523
ok,2024-01-12 11:30:00,0.6,0.6,0.6,0.6,240
ok,2024-01-12 12:00:00,0.56,0.58,0.56,0.58,579
ok,2024-01-12 14:30:00,0.56,0.6,0.56,0.58,514
ok,2024-01-12 15:00:00,0.56,0.58,0.56,0.58,300
ok,2024-01-12 15:30:00,0.6,0.6,0.6,0.6,571
ok,2024-01-12 16:00:00,0.56,0.56,0.55,0.55,1000
ok,2024-01-12 16:30:00,0.58,0.58,0.58,0.58,297
ok,2024-01-12 19:00:00,0.56,0.56,0.56,0.56,1000
ok,2024-01-16 07:00:00,0.56,0.56,0.56,0.56,200
ok,2024-01-16 09:30:00,0.58,0.58,0.57,0.57,671
ok,2024-01-16 10:00:00,0.58,0.58,0.58,0.58,2000
ok,2024-01-16 10:30:00,0.59,0.59,0.57,0.57,3920
ok,2024-01-16 11:00:00,0.57,0.58,0.57,0.58,2242
ok,2024-01-16 11:30:00,0.58,0.58,0.58,0.58,1101
ok,2024-01-16 12:00:00,0.58,0.59,0.56,0.59,1500
ok,2024-01-16 12:30:00,0.56,0.58,0.55,0.58,10873
ok,2024-01-16 14:00:00,0.55,0.55,0.55,0.55,5000
ok,2024-01-16 14:30:00,0.55,0.58,0.55,0.58,6146
ok,2024-01-16 15:30:00,0.55,0.58,0.55,0.58,10335
ok,2024-01-16 17:30:00,0.58,0.58,0.58,0.58,1000
ok,2024-01-17 09:30:00,0.57,0.57,0.55,0.55,7596
ok,2024-01-17 10:00:00,0.55,0.55,0.55,0.55,1981
ok,2024-01-17 10:30:00,0.55,0.56,0.54,0.56,3112
ok,2024-01-17 12:00:00,0.56,0.56,0.56,0.56,1500
ok,2024-01-17 13:30:00,0.54,0.56,0.54,0.56,500
ok,2024-01-17 14:00:00,0.54,0.54,0.54,0.54,221
ok,2024-01-17 14:30:00,0.56,0.56,0.56,0.56,1349
ok,2024-01-17 15:00:00,0.55,0.56,0.55,0.56,751
ok,2024-01-17 15:30:00,0.56,0.56,0.56,0.56,2420
ok,2024-01-17 19:30:00,0.56,0.56,0.56,0.56,403
ok,2024-01-18 09:30:00,0.59,0.59,0.59,0.59,240
ok,2024-01-18 10:30:00,0.59,0.59,0.56,0.56,1635
ok,2024-01-18 11:30:00,0.54,0.54,0.54,0.54,603
ok,2024-01-18 12:00:00,0.58,0.58,0.58,0.58,100
ok,2024-01-18 12:30:00,0.54,0.54,0.54,0.54,600
ok,2024-01-18 13:00:00,0.54,0.54,0.54,0.54,500
ok,2024-01-18 14:30:00,0.56,0.56,0.56,0.56,250
ok,2024-01-18 15:30:00,0.56,0.56,0.56,0.56,1414
ok,2024-01-19 08:00:00,0.54,0.54,0.54,0.54,800
ok,2024-01-19 10:30:00,0.56,0.56,0.56,0.56,613
ok,2024-01-19 11:00:00,0.54,0.54,0.54,0.54,250
ok,2024-01-19 11:30:00,0.54,0.54,0.54,0.54,777
ok,2024-01-19 12:30:00,0.56,0.56,0.56,0.56,100
ok,2024-01-19 13:30:00,0.54,0.56,0.54,0.56,5100
ok,2024-01-19 14:00:00,0.54,0.54,0.51,0.54,3349
ok,2024-01-19 14:30:00,0.51,0.51,0.51,0.51,100
ok,2024-01-19 15:00:00,0.53,0.53,0.53,0.53,225
ok,2024-01-19 15:30:00,0.54,0.55,0.54,0.55,513
ok,2024-01-19 18:00:00,0.55,0.55,0.55,0.55,1254
ok,2024-01-22 07:00:00,0.51,0.51,0.51,0.51,1111
ok,2024-01-22 08:00:00,0.53,0.53,0.53,0.53,100
ok,2024-01-22 09:30:00,0.55,0.55,0.55,0.55,321
ok,2024-01-22 10:00:00,0.53,0.54,0.51,0.54,2117
ok,2024-01-22 10:30:00,0.52,0.52,0.51,0.51,11781
ok,2024-01-22 11:30:00,0.52,0.52,0.52,0.52,350
ok,2024-01-22 12:00:00,0.53,0.53,0.53,0.53,525
ok,2024-01-22 13:00:00,0.53,0.53,0.53,0.53,100
ok,2024-01-22 13:30:00,0.53,0.53,0.53,0.53,2016
ok,2024-01-22 14:00:00,0.53,0.56,0.53,0.54,4462
ok,2024-01-23 09:30:00,0.55,0.56,0.55,0.56,5100
ok,2024-01-23 10:00:00,0.51,0.56,0.51,0.56,314
ok,2024-01-23 10:30:00,0.52,0.52,0.52,0.52,103
ok,2024-01-23 11:00:00,0.52,0.52,0.52,0.52,415
ok,2024-01-23 11:30:00,0.55,0.55,0.53,0.55,2351
ok,2024-01-23 13:00:00,0.55,0.55,0.55,0.55,100
ok,2024-01-23 15:30:00,0.52,0.52,0.52,0.52,1000
ok,2024-01-24 09:30:00,0.56,0.56,0.56,0.56,550
ok,2024-01-24 11:00:00,0.54,0.54,0.54,0.54,300
ok,2024-01-24 11:30:00,0.56,0.56,0.56,0.56,100
ok,2024-01-24 13:00:00,0.54,0.56,0.54,0.56,1200
ok,2024-01-24 13:30:00,0.52,0.52,0.52,0.52,101
ok,2024-01-24 15:00:00,0.52,0.52,0.52,0.52,100
ok,2024-01-24 15:30:00,0.54,0.54,0.54,0.54,564
ok,2024-01-24 17:30:00,0.52,0.52,0.51,0.51,564
ok,2024-01-25 08:00:00,0.54,0.54,0.54,0.54,200
ok,2024-01-25 08:30:00,0.52,0.53,0.51,0.53,1700
ok,2024-01-25 09:30:00,0.56,0.56,0.56,0.56,100
ok,2024-01-25 11:30:00,0.55,0.56,0.55,0.56,4016
ok,2024-01-25 12:00:00,0.54,0.54,0.54,0.54,805
ok,2024-01-25 13:00:00,0.56,0.56,0.56,0.56,100
ok,2024-01-25 15:00:00,0.55,0.56,0.55,0.56,200
ok,2024-01-25 15:30:00,0.53,0.53,0.53,0.53,160
ok,2024-01-25 16:00:00,0.56,0.56,0.56,0.56,400
ok,2024-01-26 04:30:00,0.54,0.54,0.54,0.54,100
ok,2024-01-26 09:30:00,0.54,0.54,0.54,0.54,3201
ok,2024-01-26 10:00:00,0.54,0.55,0.54,0.55,548
ok,2024-01-26 11:00:00,0.55,0.55,0.55,0.55,200
ok,2024-01-26 12:00:00,0.55,0.55,0.55,0.55,102
ok,2024-01-26 17:00:00,0.57,0.57,0.57,0.57,150
ok,2024-01-29 09:30:00,0.56,0.57,0.56,0.56,538
ok,2024-01-29 11:00:00,0.55,0.55,0.55,0.55,10000
ok,2024-01-29 11:30:00,0.54,0.54,0.54,0.54,200
ok,2024-01-29 12:00:00,0.55,0.55,0.54,0.54,280
ok,2024-01-29 12:30:00,0.56,0.56,0.55,0.55,200
ok,2024-01-29 13:00:00,0.56,0.58,0.56,0.58,2425
ok,2024-01-29 13:30:00,0.57,0.57,0.56,0.56,5608
ok,2024-01-29 14:30:00,0.55,0.55,0.55,0.55,844
ok,2024-01-29 15:00:00,0.58,0.58,0.58,0.58,100
ok,2024-01-29 15:30:00,0.55,0.55,0.55,0.55,100
ok,2024-01-30 07:00:00,0.53,0.53,0.53,0.53,100
ok,2024-01-30 09:30:00,0.58,0.58,0.58,0.58,518
ok,2024-01-30 10:30:00,0.55,0.55,0.55,0.55,672
ok,2024-01-30 11:00:00,0.55,0.58,0.55,0.58,2282
ok,2024-01-30 11:30:00,0.58,0.58,0.56,0.56,1239
ok,2024-01-30 12:00:00,0.58,0.58,0.58,0.58,100
ok,2024-01-30 17:00:00,0.56,0.56,0.56,0.56,2120
ok,2024-01-31 08:30:00,0.56,0.58,0.56,0.58,5600
ok,2024-01-31 09:00:00,0.58,0.58,0.58,0.58,200
ok,2024-01-31 09:30:00,0.58,0.58,0.55,0.58,11646
ok,2024-01-31 11:00:00,0.55,0.55,0.55,0.55,100
ok,2024-01-31 11:30:00,0.55,0.58,0.55,0.58,2100
ok,2024-01-31 12:00:00,0.58,0.58,0.58,0.58,101
ok,2024-01-31 13:30:00,0.58,0.58,0.58,0.58,400
ok,2024-01-31 14:30:00,0.58,0.58,0.57,0.57,1400
ok,2024-01-31 15:00:00,0.55,0.57,0.55,0.57,1322
ok,2024-01-31 15:30:00,0.54,0.54,0.54,0.54,1600
ok,2024-01-31 16:30:00,0.55,0.55,0.54,0.54,600
ok,2024-01-31 18:00:00,0.54,0.54,0.54,0.54,200
ok,2024-02-01 08:00:00,0.54,0.54,0.54,0.54,200
ok,2024-02-01 09:30:00,0.57,0.57,0.54,0.54,6837
ok,2024-02-01 10:00:00,0.57,0.57,0.54,0.55,615
ok,2024-02-01 11:00:00,0.57,0.57,0.57,0.57,4628
ok,2024-02-01 11:30:00,0.57,0.57,0.57,0.57,164
ok,2024-02-01 12:00:00,0.55,0.55,0.55,0.55,249
ok,2024-02-01 13:00:00,0.55,0.55,0.55,0.55,1880
ok,2024-02-01 14:30:00,0.54,0.54,0.53,0.53,4547
ok,2024-02-01 15:00:00,0.56,0.56,0.56,0.56,1190
ok,2024-02-02 07:00:00,0.57,0.57,0.57,0.57,100
ok,2024-02-02 08:00:00,0.58,0.58,0.58,0.58,100
ok,2024-02-02 08:30:00,0.57,0.57,0.57,0.57,160
ok,2024-02-02 09:30:00,0.57,0.57,0.57,0.57,250
ok,2024-02-02 10:00:00,0.55,0.55,0.55,0.55,366
ok,2024-02-02 10:30:00,0.54,0.57,0.53,0.57,2189
ok,2024-02-02 12:00:00,0.53,0.55,0.53,0.53,3040
ok,2024-02-02 12:30:00,0.55,0.55,0.55,0.55,100
ok,2024-02-02 13:00:00,0.53,0.54,0.51,0.54,9824
ok,2024-02-02 14:00:00,0.53,0.53,0.53,0.53,336
ok,2024-02-02 14:30:00,0.53,0.53,0.53,0.53,1200
ok,2024-02-02 15:00:00,0.53,0.53,0.53,0.53,304
ok,2024-02-02 15:30:00,0.55,0.55,0.55,0.55,100
ok,2024-02-05 09:30:00,0.54,0.54,0.53,0.53,1983
ok,2024-02-05 10:00:00,0.54,0.54,0.54,0.54,518
ok,2024-02-05 11:00:00,0.53,0.53,0.53,0.53,248
ok,2024-02-05 11:30:00,0.54,0.54,0.54,0.54,171
ok,2024-02-05 12:00:00,0.52,0.52,0.52,0.52,8100
ok,2024-02-05 12:30:00,0.52,0.54,0.52,0.54,302
ok,2024-02-05 13:00:00,0.52,0.52,0.52,0.52,100
ok,2024-02-05 13:30:00,0.54,0.54,0.54,0.54,200
ok,2024-02-05 14:00:00,0.54,0.54,0.54,0.54,200
ok,2024-02-05 15:30:00,0.53,0.53,0.52,0.52,6750
ok,2024-02-05 17:30:00,0.52,0.52,0.52,0.52,1001
ok,2024-02-06 09:30:00,0.52,0.52,0.51,0.51,4599
ok,2024-02-06 10:30:00,0.52,0.52,0.51,0.52,2542
ok,2024-02-06 11:00:00,0.53,0.53,0.53,0.53,100
ok,2024-02-06 13:30:00,0.52,0.52,0.52,0.52,490
ok,2024-02-06 14:00:00,0.52,0.52,0.51,0.51,5100
ok,2024-02-06 15:00:00,0.52,0.52,0.52,0.52,1054
ok,2024-02-06 15:30:00,0.52,0.52,0.52,0.52,115
ok,2024-02-07 09:30:00,0.53,0.53,0.53,0.53,271
ok,2024-02-07 11:00:00,0.52,0.52,0.52,0.52,200
ok,2024-02-07 12:00:00,0.52,0.53,0.52,0.52,2200
ok,2024-02-07 12:30:00,0.53,0.53,0.52,0.53,9172
ok,2024-02-07 15:00:00,0.55,0.55,0.54,0.55,4600
ok,2024-02-07 16:30:00,0.55,0.57,0.55,0.57,5500
ok,2024-02-07 17:00:00,0.57,0.68,0.57,0.68,44603
ok,2024-02-07 17:30:00,0.68,0.8,0.62,0.64,86228
ok,2024-02-07 18:00:00,0.64,0.67,0.62,0.67,10763
ok,2024-02-07 18:30:00,0.64,0.64,0.62,0.62,4908
ok,2024-02-07 19:00:00,0.67,0.67,0.67,0.67,1149
ok,2024-02-07 19:30:00,0.67,0.68,0.63,0.64,4011
ok,2024-02-08 04:00:00,0.68,0.68,0.61,0.66,5000
ok,2024-02-08 04:30:00,0.63,0.64,0.61,0.61,3130
ok,2024-02-08 05:00:00,0.63,0.63,0.63,0.63,406
ok,2024-02-08 06:30:00,0.65,0.65,0.63,0.63,4607
ok,2024-02-08 07:00:00,0.63,0.75,0.63,0.71,15115
ok,2024-02-08 07:30:00,0.66,0.66,0.62,0.62,7377
ok,2024-02-08 08:00:00,0.66,0.74,0.62,0.69,33328
ok,2024-02-08 08:30:00,0.72,0.72,0.68,0.68,3538
ok,2024-02-08 09:00:00,0.69,0.69,0.62,0.62,3441
ok,2024-02-08 09:30:00,0.6,0.62,0.52,0.59,50773
ok,2024-02-08 10:00:00,0.54,0.59,0.54,0.56,8979
ok,2024-02-08 10:30:00,0.58,0.58,0.53,0.56,23797
ok,2024-02-08 11:00:00,0.58,0.58,0.55,0.58,7601
ok,2024-02-08 11:30:00,0.58,0.58,0.56,0.56,967
ok,2024-02-08 12:00:00,0.58,0.58,0.53,0.58,3767
ok,2024-02-08 12:30:00,0.58,0.58,0.58,0.58,2945
ok,2024-02-08 13:00:00,0.56,0.58,0.56,0.57,3647
ok,2024-02-08 13:30:00,0.58,0.58,0.57,0.58,2725
ok,2024-02-08 14:00:00,0.58,0.59,0.57,0.58,22595
ok,2024-02-08 14:30:00,0.6,0.65,0.6,0.63,33602
ok,2024-02-08 15:00:00,0.64,0.64,0.61,0.62,13104
ok,2024-02-08 15:30:00,0.62,0.64,0.57,0.62,33553
ok,2024-02-08 16:00:00,0.57,0.6,0.57,0.6,489
ok,2024-02-08 16:30:00,0.62,0.66,0.59,0.59,5303
ok,2024-02-08 18:00:00,0.64,0.64,0.64,0.64,300
ok,2024-02-08 18:30:00,0.61,0.61,0.61,0.61,410
ok,2024-02-08 19:00:00,0.62,0.62,0.61,0.61,562
ok,2024-02-08 19:30:00,0.65,0.65,0.61,0.61,1334
ok,2024-02-09 04:00:00,0.61,0.61,0.61,0.61,223
ok,2024-02-09 07:00:00,0.61,0.61,0.61,0.61,7206
ok,2024-02-09 08:00:00,0.61,0.61,0.61,0.61,7394
ok,2024-02-09 08:30:00,0.61,0.61,0.58,0.58,2383
ok,2024-02-09 09:30:00,0.58,0.6,0.58,0.6,9641
ok,2024-02-09 10:00:00,0.6,0.61,0.6,0.6,1895
ok,2024-02-09 11:00:00,0.61,0.61,0.59,0.6,12040
ok,2024-02-09 12:00:00,0.63,0.63,0.6,0.62,1023
ok,2024-02-09 14:30:00,0.62,0.63,0.61,0.61,2177
ok,2024-02-09 15:00:00,0.61,0.63,0.61,0.62,925
ok,2024-02-09 15:30:00,0.63,0.63,0.62,0.62,316
ok,2024-02-09 16:30:00,0.6,0.6,0.58,0.58,5961
ok,2024-02-09 19:00:00,0.6,0.6,0.6,0.6,189
ok,2024-02-12 08:30:00,0.6,0.6,0.6,0.6,160
ok,2024-02-12 09:30:00,0.58,0.58,0.53,0.56,3779
ok,2024-02-12 10:00:00,0.54,0.54,0.54,0.54,2500
ok,2024-02-12 10:30:00,0.58,0.58,0.53,0.57,11874
ok,2024-02-12 11:00:00,0.58,0.58,0.58,0.58,457
ok,2024-02-12 12:00:00,0.55,0.58,0.54,0.58,10147
ok,2024-02-12 12:30:00,0.58,0.58,0.57,0.57,4531
ok,2024-02-12 13:00:00,0.57,0.57,0.57,0.57,300
ok,2024-02-12 14:00:00,0.58,0.58,0.58,0.58,233
ok,2024-02-12 14:30:00,0.57,0.57,0.57,0.57,100
ok,2024-02-12 15:00:00,0.57,0.57,0.57,0.57,120
ok,2024-02-12 15:30:00,0.57,0.57,0.57,0.57,421
ok,2024-02-12 16:00:00,0.58,0.61,0.58,0.61,602
ok,2024-02-12 17:30:00,0.61,0.61,0.61,0.61,1625
ok,2024-02-13 06:30:00,0.57,0.57,0.57,0.57,150
ok,2024-02-13 09:30:00,0.58,0.58,0.57,0.57,2777
ok,2024-02-13 10:00:00,0.55,0.56,0.54,0.55,10525
ok,2024-02-13 11:30:00,0.56,0.57,0.55,0.57,400
ok,2024-02-13 12:30:00,0.55,0.55,0.55,0.55,200
ok,2024-02-13 13:30:00,0.55,0.58,0.55,0.58,200
ok,2024-02-13 15:00:00,0.55,0.55,0.53,0.53,10949
ok,2024-02-13 18:00:00,0.54,0.54,0.54,0.54,394
ok,2024-02-14 05:00:00,0.55,0.55,0.55,0.55,100
ok,2024-02-14 07:00:00,0.55,0.58,0.55,0.58,3870
ok,2024-02-14 08:00:00,0.57,0.75,0.55,0.7,67717
ok,2024-02-14 08:30:00,0.7,1.09,0.66,0.67,1419280
ok,2024-02-14 09:00:00,0.68,0.68,0.61,0.64,225074
ok,2024-02-14 09:30:00,0.62,0.64,0.53,0.57,333454
ok,2024-02-14 10:00:00,0.57,0.62,0.56,0.6,86871
ok,2024-02-14 10:30:00,0.59,0.59,0.54,0.56,65015
ok,2024-02-14 11:00:00,0.56,0.59,0.55,0.57,31093
ok,2024-02-14 11:30:00,0.57,0.57,0.54,0.56,26580
ok,2024-02-14 12:00:00,0.56,0.56,0.53,0.54,21304
ok,2024-02-14 12:30:00,0.55,0.56,0.54,0.55,13738
ok,2024-02-14 13:00:00,0.56,0.58,0.55,0.58,13663
ok,2024-02-14 13:30:00,0.58,0.58,0.55,0.57,13762
ok,2024-02-14 14:00:00,0.57,0.58,0.56,0.58,30780
ok,2024-02-14 14:30:00,0.58,0.62,0.57,0.59,22205
ok,2024-02-14 15:00:00,0.59,0.62,0.58,0.61,7968
ok,2024-02-14 15:30:00,0.62,0.65,0.59,0.61,85258
ok,2024-02-14 16:00:00,0.61,0.62,0.55,0.59,33085
ok,2024-02-14 16:30:00,0.57,0.58,0.55,0.58,7108
ok,2024-02-14 17:00:00,0.58,0.58,0.58,0.58,1179
ok,2024-02-14 18:30:00,0.58,0.59,0.58,0.59,1175
ok,2024-02-14 19:00:00,0.6,0.6,0.6,0.6,3250
ok,2024-02-14 19:30:00,0.6,0.6,0.59,0.59,2010
ok,2024-02-15 04:00:00,0.57,0.61,0.53,0.53,3930
ok,2024-02-15 04:30:00,0.54,0.57,0.54,0.57,2141
ok,2024-02-15 05:00:00,0.55,0.56,0.55,0.56,1051
ok,2024-02-15 05:30:00,0.56,0.57,0.55,0.55,6131
ok,2024-02-15 06:00:00,0.55,0.55,0.55,0.55,2679
ok,2024-02-15 06:30:00,0.55,0.55,0.55,0.55,1002
ok,2024-02-15 07:00:00,0.55,0.57,0.53,0.55,10360
ok,2024-02-15 07:30:00,0.54,0.6,0.54,0.6,3232
ok,2024-02-15 08:00:00,0.55,0.6,0.54,0.56,27932
ok,2024-02-15 08:30:00,0.57,0.63,0.57,0.6,7651
ok,2024-02-15 09:00:00,0.58,0.6,0.56,0.6,3400
ok,2024-02-15 09:30:00,0.59,0.61,0.57,0.59,62213
ok,2024-02-15 10:00:00,0.63,0.63,0.58,0.62,27754
ok,2024-02-15 10:30:00,0.61,0.61,0.53,0.54,97630
ok,2024-02-15 11:00:00,0.55,0.57,0.54,0.57,16327
ok,2024-02-15 11:30:00,0.55,0.57,0.54,0.57,7362
ok,2024-02-15 12:00:00,0.57,0.57,0.56,0.56,8250
ok,2024-02-15 12:30:00,0.56,0.58,0.56,0.56,25923
ok,2024-02-15 13:00:00,0.58,0.58,0.58,0.58,160
ok,2024-02-15 13:30:00,0.56,0.58,0.56,0.58,2162
ok,2024-02-15 14:00:00,0.56,0.58,0.56,0.58,677
ok,2024-02-15 14:30:00,0.56,0.59,0.56,0.59,24348
ok,2024-02-15 15:00:00,0.59,0.6,0.58,0.6,12634
ok,2024-02-15 15:30:00,0.6,0.6,0.58,0.6,1328
ok,2024-02-15 16:00:00,0.62,0.63,0.59,0.59,10205
ok,2024-02-15 16:30:00,0.63,0.63,0.62,0.63,1395
ok,2024-02-15 17:30:00,0.6,0.6,0.6,0.6,250
ok,2024-02-15 18:00:00,0.61,0.62,0.61,0.62,3352
ok,2024-02-15 18:30:00,0.62,0.63,0.6,0.6,6778
ok,2024-02-15 19:00:00,0.63,0.7,0.63,0.7,12197
ok,2024-02-15 19:30:00,0.69,0.69,0.62,0.62,1313
ok,2024-02-16 04:00:00,0.65,0.73,0.65,0.72,3361
ok,2024-02-16 04:30:00,0.75,1.03,0.65,0.8,572859
ok,2024-02-16 05:00:00,0.78,0.8,0.65,0.68,112237
ok,2024-02-16 05:30:00,0.68,1.1,0.67,1.08,263839
ok,2024-02-16 06:00:00,1.05,1.3,0.8,0.8,1308505
ok,2024-02-16 06:30:00,0.83,0.88,0.75,0.8,204540
ok,2024-02-16 07:00:00,0.8,0.84,0.68,0.7,281433
ok,2024-02-16 07:30:00,0.7,0.99,0.7,0.8,890194
ok,2024-02-16 08:00:00,0.73,0.99,0.67,0.78,632036
ok,2024-02-16 08:30:00,0.81,0.83,0.69,0.73,158399
ok,2024-02-16 09:00:00,0.73,0.75,0.68,0.68,86180
ok,2024-02-16 09:30:00,0.69,0.7,0.57,0.61,552652
ok,2024-02-16 10:00:00,0.61,0.62,0.57,0.6,235370
ok,2024-02-16 10:30:00,0.6,0.64,0.6,0.62,110179
ok,2024-02-16 11:00:00,0.63,0.63,0.6,0.61,49669
ok,2024-02-16 11:30:00,0.61,0.61,0.58,0.59,78330
ok,2024-02-16 12:00:00,0.58,0.6,0.57,0.59,43496
ok,2024-02-16 12:30:00,0.58,0.61,0.58,0.59,40646
ok,2024-02-16 13:00:00,0.59,0.62,0.59,0.6,16207
ok,2024-02-16 13:30:00,0.62,0.62,0.62,0.62,2223
ok,2024-02-16 14:00:00,0.62,0.78,0.6,0.77,478197
ok,2024-02-16 14:30:00,0.77,0.91,0.7,0.73,1358294
ok,2024-02-16 15:00:00,0.73,0.8,0.71,0.76,147744
ok,2024-02-16 15:30:00,0.75,0.85,0.71,0.8,134503
ok,2024-02-16 16:00:00,0.78,0.79,0.72,0.76,20096
ok,2024-02-16 16:30:00,0.73,0.79,0.72,0.79,17749
ok,2024-02-16 17:00:00,0.78,0.79,0.72,0.79,13083
ok,2024-02-16 17:30:00,0.77,0.77,0.73,0.75,14806
ok,2024-02-16 18:00:00,0.73,0.77,0.73,0.73,9812
ok,2024-02-16 18:30:00,0.73,0.74,0.73,0.74,1216
ok,2024-02-16 19:00:00,0.73,0.75,0.72,0.72,7085
ok,2024-02-16 19:30:00,0.72,0.75,0.72,0.72,5545
ok,2024-02-20 04:00:00,0.7,0.72,0.68,0.7,23221
ok,2024-02-20 04:30:00,0.69,0.7,0.68,0.7,1590
ok,2024-02-20 05:00:00,0.69,0.69,0.63,0.65,21479
ok,2024-02-20 05:30:00,0.65,0.66,0.65,0.66,368
ok,2024-02-20 06:00:00,0.66,0.67,0.65,0.65,4942
ok,2024-02-20 06:30:00,0.65,0.67,0.65,0.67,1233
ok,2024-02-20 07:00:00,0.66,0.67,0.65,0.66,3515
ok,2024-02-20 07:30:00,0.66,0.68,0.66,0.68,855
ok,2024-02-20 08:00:00,0.66,0.7,0.65,0.67,16511
ok,2024-02-20 08:30:00,0.67,0.67,0.66,0.67,5807
ok,2024-02-20 09:00:00,0.68,0.69,0.67,0.67,7297
ok,2024-02-20 09:30:00,0.67,0.73,0.67,0.68,107879
ok,2024-02-20 10:00:00,0.68,0.68,0.67,0.68,12822
ok,2024-02-20 10:30:00,0.68,0.7,0.68,0.68,16887
ok,2024-02-20 11:00:00,0.68,0.7,0.68,0.7,25500
ok,2024-02-20 11:30:00,0.69,0.73,0.67,0.67,36883
ok,2024-02-20 12:00:00,0.67,0.68,0.6,0.63,34886
ok,2024-02-20 12:30:00,0.65,0.65,0.62,0.62,30932
ok,2024-02-20 13:00:00,0.62,0.62,0.6,0.6,8706
ok,2024-02-20 13:30:00,0.61,0.62,0.6,0.6,7160
ok,2024-02-20 14:00:00,0.6,0.62,0.6,0.6,15501
ok,2024-02-20 14:30:00,0.6,0.65,0.6,0.65,18447
ok,2024-02-20 15:00:00,0.61,0.64,0.61,0.62,9924
ok,2024-02-20 15:30:00,0.62,0.65,0.6,0.64,16988
ok,2024-02-20 16:00:00,0.65,0.65,0.61,0.61,2364
ok,2024-02-20 18:00:00,0.63,0.63,0.63,0.63,1100
ok,2024-02-20 19:00:00,0.64,0.65,0.62,0.62,2411
ok,2024-02-21 04:00:00,0.64,0.64,0.58,0.58,2151
ok,2024-02-21 04:30:00,0.64,0.64,0.64,0.64,1000
ok,2024-02-21 05:00:00,0.61,0.61,0.59,0.59,2060
ok,2024-02-21 06:00:00,0.6,0.6,0.59,0.59,4216
ok,2024-02-21 07:00:00,0.6,0.6,0.6,0.6,586
ok,2024-02-21 07:30:00,0.62,0.62,0.6,0.6,3000
ok,2024-02-21 08:00:00,0.6,0.63,0.6,0.63,4208
ok,2024-02-21 08:30:00,0.6,0.63,0.6,0.61,1722
ok,2024-02-21 09:00:00,0.62,0.62,0.6,0.6,2303
ok,2024-02-21 09:30:00,0.62,0.62,0.57,0.6,74699
ok,2024-02-21 10:00:00,0.58,0.61,0.58,0.61,9306
ok,2024-02-21 10:30:00,0.59,0.6,0.58,0.58,12515
ok,2024-02-21 11:00:00,0.59,0.59,0.58,0.58,10183
ok,2024-02-21 11:30:00,0.58,0.58,0.58,0.58,9864
ok,2024-02-21 12:00:00,0.58,0.6,0.58,0.59,1296
ok,2024-02-21 12:30:00,0.58,0.58,0.57,0.57,8619
ok,2024-02-21 13:00:00,0.59,0.59,0.57,0.57,396
ok,2024-02-21 13:30:00,0.57,0.59,0.57,0.59,810
ok,2024-02-21 14:00:00,0.57,0.6,0.57,0.6,900
ok,2024-02-21 14:30:00,0.58,0.58,0.58,0.58,1139
ok,2024-02-21 15:00:00,0.58,0.58,0.58,0.58,3864
ok,2024-02-21 15:30:00,0.58,0.6,0.58,0.6,18200
ok,2024-02-21 16:00:00,0.59,0.59,0.58,0.58,2087
ok,2024-02-21 16:30:00,0.58,0.58,0.58,0.58,1800
ok,2024-02-21 17:00:00,0.59,0.59,0.59,0.59,4466
ok,2024-02-21 18:00:00,0.6,0.6,0.6,0.6,300
ok,2024-02-21 19:30:00,0.6,0.6,0.59,0.59,260
ok,2024-02-22 05:00:00,0.6,0.6,0.6,0.6,244
ok,2024-02-22 05:30:00,0.56,0.57,0.56,0.56,915
ok,2024-02-22 06:00:00,0.58,0.58,0.58,0.58,423
ok,2024-02-22 07:00:00,0.58,0.59,0.58,0.58,587
ok,2024-02-22 08:00:00,0.57,0.58,0.57,0.58,1140
ok,2024-02-22 08:30:00,0.58,0.59,0.58,0.59,1536
ok,2024-02-22 09:30:00,0.58,0.59,0.56,0.56,21932
ok,2024-02-22 10:00:00,0.57,0.59,0.56,0.58,4021
ok,2024-02-22 10:30:00,0.56,0.56,0.56,0.56,9755
ok,2024-02-22 11:00:00,0.56,0.58,0.56,0.56,470
ok,2024-02-22 11:30:00,0.58,0.58,0.56,0.58,1405
ok,2024-02-22 12:00:00,0.57,0.57,0.57,0.57,100
ok,2024-02-22 12:30:00,0.57,0.58,0.56,0.56,1599
ok,2024-02-22 13:00:00,0.58,0.59,0.57,0.58,1701
ok,2024-02-22 13:30:00,0.57,0.57,0.57,0.57,100
ok,2024-02-22 14:00:00,0.57,0.57,0.57,0.57,207
ok,2024-02-22 14:30:00,0.57,0.58,0.57,0.58,346
ok,2024-02-22 15:00:00,0.57,0.58,0.57,0.58,4614
ok,2024-02-22 15:30:00,0.58,0.59,0.58,0.59,5248
ok,2024-02-22 16:00:00,0.56,0.56,0.56,0.56,1000
ok,2024-02-22 17:30:00,0.59,0.59,0.59,0.59,500
ok,2024-02-22 18:00:00,0.57,0.57,0.57,0.57,100
ok,2024-02-22 18:30:00,0.57,0.57,0.56,0.56,6892
ok,2024-02-22 19:30:00,0.58,0.58,0.58,0.58,111
ok,2024-02-23 05:00:00,0.56,0.6,0.56,0.6,1057
ok,2024-02-23 07:00:00,0.56,0.56,0.56,0.56,350
ok,2024-02-23 08:00:00,0.59,0.59,0.59,0.59,109
ok,2024-02-23 09:00:00,0.58,0.59,0.56,0.56,2000
ok,2024-02-23 09:30:00,0.56,0.59,0.56,0.56,3260
ok,2024-02-23 10:00:00,0.56,0.56,0.56,0.56,2907
ok,2024-02-23 10:30:00,0.57,0.59,0.55,0.55,26224
ok,2024-02-23 11:00:00,0.55,0.57,0.55,0.57,6203
ok,2024-02-23 11:30:00,0.57,0.57,0.55,0.55,3698
ok,2024-02-23 12:00:00,0.55,0.57,0.54,0.56,10794
ok,2024-02-23 13:00:00,0.55,0.56,0.54,0.54,626
ok,2024-02-23 14:00:00,0.55,0.55,0.54,0.54,1511
ok,2024-02-23 14:30:00,0.55,0.55,0.55,0.55,255
ok,2024-02-23 15:00:00,0.55,0.56,0.55,0.56,1810
ok,2024-02-23 15:30:00,0.55,0.56,0.54,0.54,15813
ok,2024-02-23 16:00:00,0.56,0.56,0.56,0.56,100
ok,2024-02-23 17:00:00,0.55,0.55,0.55,0.55,610
ok,2024-02-23 17:30:00,0.55,0.55,0.54,0.54,3000
ok,2024-02-23 18:00:00,0.54,0.54,0.54,0.54,400
ok,2024-02-23 18:30:00,0.54,0.54,0.54,0.54,6705
ok,2024-02-23 19:30:00,0.54,0.54,0.54,0.54,2600
ok,2024-02-26 06:00:00,0.54,0.54,0.54,0.54,300
ok,2024-02-26 06:30:00,0.54,0.54,0.54,0.54,100
ok,2024-02-26 07:00:00,0.54,0.54,0.54,0.54,1166
ok,2024-02-26 08:00:00,0.54,0.54,0.54,0.54,410
ok,2024-02-26 08:30:00,0.56,0.57,0.56,0.57,3293
ok,2024-02-26 09:00:00,0.57,0.57,0.54,0.57,5829
ok,2024-02-26 09:30:00,0.56,0.56,0.54,0.54,9130
ok,2024-02-26 10:00:00,0.54,0.56,0.54,0.56,2707
ok,2024-02-26 10:30:00,0.55,0.56,0.55,0.56,9614
ok,2024-02-26 11:00:00,0.56,0.56,0.56,0.56,1015
ok,2024-02-26 11:30:00,0.55,0.56,0.55,0.56,208
ok,2024-02-26 12:00:00,0.55,0.55,0.55,0.55,2020
ok,2024-02-26 12:30:00,0.55,0.55,0.54,0.54,2000
ok,2024-02-26 13:00:00,0.56,0.56,0.56,0.56,1478
ok,2024-02-26 13:30:00,0.55,0.55,0.54,0.54,300
ok,2024-02-26 14:00:00,0.55,0.55,0.54,0.55,10600
ok,2024-02-26 14:30:00,0.56,0.56,0.56,0.56,2000
ok,2024-02-26 15:00:00,0.55,0.55,0.54,0.55,14628
ok,2024-02-26 15:30:00,0.54,0.55,0.54,0.54,2134
ok,2024-02-26 16:30:00,0.57,0.57,0.57,0.57,300
ok,2024-02-27 06:30:00,0.55,0.55,0.55,0.55,421
ok,2024-02-27 07:30:00,0.55,0.58,0.55,0.58,1601
ok,2024-02-27 08:00:00,0.55,0.58,0.55,0.58,2100
ok,2024-02-27 08:30:00,0.57,0.57,0.57,0.57,1463
ok,2024-02-27 09:30:00,0.55,0.56,0.55,0.56,11236
ok,2024-02-27 10:00:00,0.56,0.56,0.56,0.56,2100
ok,2024-02-27 10:30:00,0.56,0.56,0.54,0.54,10686
ok,2024-02-27 11:00:00,0.54,0.55,0.54,0.55,1000
ok,2024-02-27 11:30:00,0.55,0.56,0.53,0.56,15871
ok,2024-02-27 12:00:00,0.54,0.56,0.53,0.56,2435
ok,2024-02-27 13:00:00,0.54,0.54,0.54,0.54,400
ok,2024-02-27 13:30:00,0.56,0.56,0.55,0.56,17878
ok,2024-02-27 14:00:00,0.54,0.56,0.54,0.56,1262
ok,2024-02-27 14:30:00,0.54,0.54,0.54,0.54,100
ok,2024-02-27 15:00:00,0.55,0.55,0.55,0.55,100
ok,2024-02-27 15:30:00,0.55,0.56,0.55,0.55,2411
ok,2024-02-27 16:00:00,0.54,0.54,0.54,0.54,765
ok,2024-02-27 19:30:00,0.57,0.57,0.57,0.57,200
ok,2024-02-28 07:30:00,0.57,0.57,0.57,0.57,300
ok,2024-02-28 08:00:00,0.54,0.54,0.54,0.54,166
ok,2024-02-28 08:30:00,0.54,0.54,0.54,0.54,2000
ok,2024-02-28 09:30:00,0.55,0.58,0.55,0.57,6835
ok,2024-02-28 10:00:00,0.56,0.56,0.55,0.55,4110
ok,2024-02-28 10:30:00,0.55,0.57,0.55,0.57,9000
ok,2024-02-28 11:30:00,0.54,0.54,0.54,0.54,200
ok,2024-02-28 12:00:00,0.57,0.57,0.56,0.56,710
ok,2024-02-28 13:30:00,0.54,0.54,0.53,0.53,11004
ok,2024-02-28 15:00:00,0.57,0.57,0.54,0.54,600
ok,2024-02-28 15:30:00,0.57,0.57,0.54,0.56,3854
ok,2024-02-29 04:30:00,0.55,0.55,0.55,0.55,100
ok,2024-02-29 05:00:00,0.56,0.56,0.56,0.56,209
ok,2024-02-29 06:30:00,0.55,0.56,0.55,0.56,365
ok,2024-02-29 07:00:00,0.56,0.56,0.56,0.56,100
ok,2024-02-29 07:30:00,0.56,0.56,0.56,0.56,636
ok,2024-02-29 09:30:00,0.56,0.56,0.55,0.55,10742
ok,2024-02-29 10:00:00,0.56,0.56,0.55,0.55,400
ok,2024-02-29 10:30:00,0.55,0.55,0.55,0.55,6761
ok,2024-02-29 11:30:00,0.54,0.54,0.54,0.54,8285
ok,2024-02-29 12:00:00,0.56,0.56,0.56,0.56,541
ok,2024-02-29 12:30:00,0.55,0.55,0.55,0.55,7269
ok,2024-02-29 13:00:00,0.54,0.55,0.54,0.54,4895
ok,2024-02-29 13:30:00,0.54,0.56,0.54,0.55,8784
ok,2024-02-29 14:00:00,0.55,0.55,0.55,0.55,252
ok,2024-02-29 14:30:00,0.55,0.55,0.55,0.55,600
ok,2024-02-29 15:00:00,0.56,0.56,0.54,0.54,1327
ok,2024-02-29 15:30:00,0.55,0.56,0.55,0.56,1190
ok,2024-02-29 16:00:00,0.54,0.54,0.53,0.53,3257
ok,2024-02-29 17:30:00,0.57,0.57,0.57,0.57,500
ok,2024-03-01 08:00:00,0.55,0.55,0.55,0.55,150
ok,2024-03-01 09:30:00,0.55,0.57,0.53,0.56,30375
ok,2024-03-01 10:00:00,0.54,0.54,0.54,0.54,200
ok,2024-03-01 10:30:00,0.54,0.54,0.54,0.54,100
ok,2024-03-01 11:00:00,0.55,0.55,0.55,0.55,200
ok,2024-03-01 11:30:00,0.55,0.55,0.54,0.54,300
ok,2024-03-01 12:00:00,0.56,0.56,0.56,0.56,100
ok,2024-03-01 12:30:00,0.56,0.56,0.54,0.54,10604
ok,2024-03-01 13:00:00,0.53,0.53,0.53,0.53,7000
ok,2024-03-01 13:30:00,0.55,0.55,0.54,0.55,1000
ok,2024-03-01 14:00:00,0.55,0.56,0.54,0.56,17690
ok,2024-03-01 15:00:00,0.54,0.55,0.54,0.55,480
ok,2024-03-01 15:30:00,0.53,0.55,0.53,0.55,1655
ok,2024-03-01 17:00:00,0.56,0.56,0.56,0.56,1000
ok,2024-03-01 19:00:00,0.55,0.55,0.54,0.54,1200
ok,2024-03-04 08:00:00,0.54,0.54,0.52,0.52,2000
ok,2024-03-04 09:30:00,0.55,0.57,0.53,0.53,16707
ok,2024-03-04 10:00:00,0.55,0.56,0.54,0.56,2838
ok,2024-03-04 10:30:00,0.55,0.55,0.53,0.53,7710
ok,2024-03-04 11:00:00,0.53,0.54,0.53,0.54,400
ok,2024-03-04 11:30:00,0.54,0.54,0.54,0.54,100
ok,2024-03-04 12:30:00,0.53,0.53,0.53,0.53,549
ok,2024-03-04 13:00:00,0.54,0.54,0.53,0.53,1359
ok,2024-03-04 13:30:00,0.53,0.54,0.53,0.54,5139
ok,2024-03-04 14:00:00,0.53,0.53,0.53,0.53,112
ok,2024-03-04 14:30:00,0.53,0.53,0.53,0.53,3092
ok,2024-03-04 15:00:00,0.53,0.53,0.53,0.53,3054
ok,2024-03-04 15:30:00,0.53,0.53,0.53,0.53,637
ok,2024-03-04 16:00:00,0.53,0.53,0.53,0.53,300
ok,2024-03-04 16:30:00,0.53,0.53,0.53,0.53,482
ok,2024-03-04 18:00:00,0.53,0.53,0.53,0.53,162
ok,2024-03-05 07:30:00,0.53,0.53,0.53,0.53,200
ok,2024-03-05 08:00:00,0.52,0.52,0.52,0.52,150
ok,2024-03-05 08:30:00,0.52,0.52,0.52,0.52,4000
ok,2024-03-05 09:00:00,0.53,0.54,0.53,0.54,1280
ok,2024-03-05 09:30:00,0.55,0.55,0.53,0.53,18365
ok,2024-03-05 10:00:00,0.54,0.55,0.53,0.53,3469
ok,2024-03-05 11:00:00,0.53,0.54,0.52,0.52,31006
ok,2024-03-05 11:30:00,0.52,0.52,0.52,0.52,2000
ok,2024-03-05 12:30:00,0.53,0.54,0.52,0.54,1389
ok,2024-03-05 13:00:00,0.52,0.52,0.52,0.52,100
ok,2024-03-05 13:30:00,0.54,0.54,0.54,0.54,167
ok,2024-03-05 14:00:00,0.52,0.52,0.52,0.52,5043
ok,2024-03-05 14:30:00,0.52,0.52,0.51,0.51,5688
ok,2024-03-05 15:00:00,0.51,0.51,0.51,0.51,2046
ok,2024-03-05 15:30:00,0.51,0.51,0.51,0.51,4923
ok,2024-03-05 16:30:00,0.51,0.51,0.51,0.51,199
ok,2024-03-06 07:00:00,0.51,0.55,0.51,0.55,1200
ok,2024-03-06 07:30:00,0.54,0.54,0.54,0.54,2000
ok,2024-03-06 08:00:00,0.55,0.55,0.51,0.52,5629
ok,2024-03-06 09:30:00,0.54,0.54,0.54,0.54,1100
ok,2024-03-06 11:00:00,0.52,0.52,0.52,0.52,1000
ok,2024-03-06 11:30:00,0.52,0.53,0.52,0.53,3127
ok,2024-03-06 12:00:00,0.53,0.53,0.52,0.52,460
ok,2024-03-06 12:30:00,0.52,0.52,0.52,0.52,9205
ok,2024-03-06 13:30:00,0.52,0.53,0.52,0.52,5965
ok,2024-03-06 14:00:00,0.52,0.53,0.52,0.53,600
ok,2024-03-06 14:30:00,0.52,0.53,0.52,0.52,4245
ok,2024-03-06 15:00:00,0.53,0.53,0.53,0.53,3916
ok,2024-03-06 15:30:00,0.53,0.53,0.53,0.53,4171
ok,2024-03-06 16:30:00,0.52,0.52,0.52,0.52,300
ok,2024-03-06 19:30:00,0.52,0.52,0.52,0.52,300
ok,2024-03-07 04:30:00,0.55,0.61,0.53,0.61,2389
ok,2024-03-07 05:00:00,0.59,0.67,0.56,0.58,10828
ok,2024-03-07 05:30:00,0.55,0.55,0.55,0.55,308
ok,2024-03-07 06:30:00,0.56,0.56,0.56,0.56,400
ok,2024-03-07 07:00:00,0.55,0.61,0.54,0.6,22872
ok,2024-03-07 07:30:00,0.58,0.58,0.58,0.58,300
ok,2024-03-07 08:00:00,0.56,0.62,0.55,0.59,36062
ok,2024-03-07 08:30:00,0.59,0.59,0.57,0.57,3200
ok,2024-03-07 09:00:00,0.56,0.56,0.54,0.54,21928
ok,2024-03-07 09:30:00,0.55,0.56,0.53,0.56,19400
ok,2024-03-07 10:00:00,0.54,0.54,0.53,0.54,11335
ok,2024-03-07 10:30:00,0.54,0.56,0.54,0.56,2102
ok,2024-03-07 11:00:00,0.54,0.54,0.54,0.54,5327
ok,2024-03-07 11:30:00,0.54,0.54,0.54,0.54,427
ok,2024-03-07 12:00:00,0.55,0.56,0.55,0.56,3887
ok,2024-03-07 12:30:00,0.56,0.56,0.56,0.56,300
ok,2024-03-07 13:00:00,0.55,0.55,0.55,0.55,100
ok,2024-03-07 14:00:00,0.56,0.56,0.55,0.56,652
ok,2024-03-07 14:30:00,0.56,0.56,0.56,0.56,7492
ok,2024-03-07 15:00:00,0.56,0.58,0.56,0.58,6882
ok,2024-03-07 15:30:00,0.57,0.58,0.56,0.56,8720
ok,2024-03-07 16:30:00,0.53,0.53,0.53,0.53,1000
ok,2024-03-07 17:30:00,0.56,0.57,0.56,0.57,601
ok,2024-03-07 18:00:00,0.57,0.57,0.57,0.57,667
ok,2024-03-07 19:00:00,0.57,0.57,0.57,0.57,1000
ok,2024-03-08 08:00:00,0.59,0.59,0.59,0.59,157
ok,2024-03-08 09:00:00,0.56,0.56,0.56,0.56,100
ok,2024-03-08 09:30:00,0.56,0.57,0.56,0.56,10199
ok,2024-03-08 10:00:00,0.57,0.57,0.56,0.56,946
ok,2024-03-08 10:30:00,0.56,0.56,0.56,0.56,1250
ok,2024-03-08 11:00:00,0.56,0.6,0.56,0.59,31400
ok,2024-03-08 11:30:00,0.56,0.56,0.56,0.56,394
ok,2024-03-08 12:00:00,0.56,0.56,0.56,0.56,1414
ok,2024-03-08 13:00:00,0.56,0.56,0.56,0.56,600
ok,2024-03-08 13:30:00,0.56,0.56,0.56,0.56,20364
ok,2024-03-08 14:00:00,0.56,0.59,0.56,0.59,1704
ok,2024-03-08 14:30:00,0.58,0.58,0.57,0.57,7288
ok,2024-03-08 15:30:00,0.56,0.56,0.54,0.54,2648
ok,2024-03-08 16:00:00,0.57,0.57,0.57,0.57,300
ok,2024-03-08 18:00:00,0.54,0.54,0.54,0.54,200
ok,2024-03-08 18:30:00,0.54,0.54,0.54,0.54,5000
ok,2024-03-11 05:00:00,0.53,0.54,0.53,0.54,203
ok,2024-03-11 07:30:00,0.54,0.54,0.54,0.54,300
ok,2024-03-11 08:30:00,0.56,0.57,0.56,0.56,2093
ok,2024-03-11 09:00:00,0.56,0.59,0.56,0.59,4582
ok,2024-03-11 09:30:00,0.57,0.57,0.55,0.55,354
ok,2024-03-11 10:00:00,0.57,0.58,0.56,0.57,4095
ok,2024-03-11 10:30:00,0.56,0.56,0.55,0.55,2861
ok,2024-03-11 11:00:00,0.57,0.57,0.57,0.57,3134
ok,2024-03-11 11:30:00,0.57,0.57,0.56,0.56,6200
ok,2024-03-11 12:00:00,0.57,0.57,0.56,0.57,2200
ok,2024-03-11 12:30:00,0.57,0.57,0.57,0.57,4794
ok,2024-03-11 13:00:00,0.58,0.58,0.58,0.58,300
ok,2024-03-11 13:30:00,0.57,0.58,0.57,0.58,933
ok,2024-03-11 14:30:00,0.58,0.58,0.56,0.56,3521
ok,2024-03-11 18:00:00,0.59,0.59,0.59,0.59,169
ok,2024-03-12 07:30:00,0.59,0.59,0.59,0.59,224
ok,2024-03-12 08:00:00,0.56,0.56,0.56,0.56,200
ok,2024-03-12 08:30:00,0.56,0.57,0.56,0.57,8146
ok,2024-03-12 09:00:00,0.55,0.56,0.55,0.56,7383
ok,2024-03-12 09:30:00,0.55,0.55,0.55,0.55,200
ok,2024-03-12 10:00:00,0.57,0.57,0.57,0.57,1108
ok,2024-03-12 11:00:00,0.58,0.58,0.58,0.58,100
ok,2024-03-12 11:30:00,0.57,0.57,0.57,0.57,101
ok,2024-03-12 12:00:00,0.6,0.6,0.58,0.58,4098
ok,2024-03-12 12:30:00,0.58,0.58,0.58,0.58,100
ok,2024-03-12 13:00:00,0.58,0.58,0.58,0.58,947
ok,2024-03-12 13:30:00,0.57,0.57,0.57,0.57,488
ok,2024-03-12 14:00:00,0.57,0.57,0.57,0.57,100
ok,2024-03-12 14:30:00,0.57,0.57,0.56,0.56,3367
ok,2024-03-12 15:00:00,0.59,0.59,0.59,0.59,832
ok,2024-03-12 18:00:00,0.59,0.59,0.59,0.59,500
ok,2024-03-13 07:00:00,0.56,0.56,0.54,0.55,1100
ok,2024-03-13 08:30:00,0.56,0.56,0.55,0.55,6067
ok,2024-03-13 09:00:00,0.55,0.56,0.53,0.54,12506
ok,2024-03-13 09:30:00,0.56,0.57,0.56,0.57,900
ok,2024-03-13 10:00:00,0.55,0.55,0.55,0.55,2207
ok,2024-03-13 10:30:00,0.55,0.55,0.55,0.55,10053
ok,2024-03-13 11:00:00,0.55,0.55,0.53,0.55,1915
ok,2024-03-13 11:30:00,0.57,0.57,0.57,0.57,100
ok,2024-03-13 13:30:00,0.53,0.57,0.53,0.57,322
ok,2024-03-13 14:30:00,0.54,0.55,0.54,0.54,1504
ok,2024-03-13 15:00:00,0.57,0.57,0.57,0.57,300
ok,2024-03-13 17:30:00,0.55,0.55,0.55,0.55,100
ok,2024-03-14 08:00:00,0.53,0.53,0.53,0.53,132
ok,2024-03-14 09:00:00,0.54,0.54,0.54,0.54,15578
ok,2024-03-14 09:30:00,0.53,0.56,0.53,0.53,2600
ok,2024-03-14 10:00:00,0.53,0.56,0.53,0.53,3300
ok,2024-03-14 10:30:00,0.53,0.56,0.53,0.56,4099
ok,2024-03-14 11:30:00,0.53,0.53,0.53,0.53,200
ok,2024-03-14 12:00:00,0.55,0.55,0.55,0.55,100
ok,2024-03-14 13:00:00,0.53,0.53,0.52,0.52,8510
ok,2024-03-14 13:30:00,0.52,0.52,0.52,0.52,1690
ok,2024-03-14 14:00:00,0.52,0.53,0.52,0.53,348
ok,2024-03-14 14:30:00,0.54,0.54,0.52,0.52,7458
ok,2024-03-14 16:30:00,0.52,0.52,0.52,0.52,550
ok,2024-03-14 17:30:00,0.52,0.52,0.52,0.52,518
ok,2024-03-15 05:00:00,0.56,0.56,0.56,0.56,100
ok,2024-03-15 06:30:00,0.54,0.54,0.54,0.54,500
ok,2024-03-15 08:30:00,0.53,0.53,0.53,0.53,1700
ok,2024-03-15 09:00:00,0.54,0.55,0.53,0.53,7403
ok,2024-03-15 09:30:00,0.53,0.53,0.52,0.52,270
ok,2024-03-15 11:00:00,0.55,0.55,0.55,0.55,100
ok,2024-03-15 12:00:00,0.54,0.55,0.54,0.55,940
ok,2024-03-15 13:00:00,0.54,0.54,0.54,0.54,300
ok,2024-03-15 14:30:00,0.54,0.55,0.53,0.53,5645
ok,2024-03-15 15:30:00,0.55,0.56,0.55,0.56,2149
ok,2024-03-18 07:00:00,0.56,0.56,0.56,0.56,1000
ok,2024-03-18 08:00:00,0.54,0.54,0.54,0.54,150
ok,2024-03-18 08:30:00,0.55,0.55,0.55,0.55,534
ok,2024-03-18 10:30:00,0.53,0.53,0.51,0.53,13035
ok,2024-03-18 11:00:00,0.52,0.52,0.52,0.52,100
ok,2024-03-18 11:30:00,0.54,0.54,0.54,0.54,5500
ok,2024-03-18 12:30:00,0.53,0.53,0.53,0.53,200
ok,2024-03-18 13:30:00,0.52,0.53,0.52,0.52,1167
ok,2024-03-18 14:00:00,0.53,0.53,0.52,0.53,8477
ok,2024-03-18 14:30:00,0.53,0.53,0.53,0.53,1000
ok,2024-03-18 15:00:00,0.53,0.53,0.53,0.53,190
ok,2024-03-18 16:00:00,0.55,0.55,0.55,0.55,2019
ok,2024-03-19 08:30:00,0.51,0.55,0.51,0.55,8100
ok,2024-03-19 09:00:00,0.51,0.51,0.51,0.51,285
ok,2024-03-19 10:00:00,0.53,0.53,0.53,0.53,100
ok,2024-03-19 10:30:00,0.52,0.52,0.52,0.52,2263
ok,2024-03-19 11:00:00,0.53,0.53,0.52,0.52,1390
ok,2024-03-19 12:00:00,0.53,0.53,0.52,0.52,200
ok,2024-03-19 12:30:00,0.53,0.53,0.53,0.53,3800
ok,2024-03-19 13:00:00,0.54,0.54,0.53,0.53,1130
ok,2024-03-19 13:30:00,0.53,0.53,0.52,0.53,15320
ok,2024-03-19 14:00:00,0.52,0.52,0.52,0.52,1435
ok,2024-03-19 14:30:00,0.52,0.52,0.51,0.51,763
ok,2024-03-20 09:00:00,0.51,0.51,0.51,0.51,287
ok,2024-03-20 09:30:00,0.51,0.51,0.51,0.51,300
ok,2024-03-20 10:00:00,0.53,0.53,0.53,0.53,1100
ok,2024-03-20 11:00:00,0.53,0.53,0.53,0.53,800
ok,2024-03-20 13:00:00,0.51,0.51,0.51,0.51,100
ok,2024-03-20 13:30:00,0.51,0.53,0.51,0.51,3052
ok,2024-03-20 14:00:00,0.51,0.52,0.51,0.52,6537
ok,2024-03-20 14:30:00,0.51,0.51,0.51,0.51,616
ok,2024-03-20 17:00:00,0.54,0.54,0.54,0.54,345
ok,2024-03-21 03:30:00,0.53,0.54,0.53,0.54,600
ok,2024-03-21 04:30:00,0.54,0.54,0.54,0.54,100
ok,2024-03-21 07:00:00,0.53,0.54,0.53,0.54,4330
ok,2024-03-21 07:30:00,0.51,0.51,0.51,0.51,324
ok,2024-03-21 08:00:00,0.51,0.51,0.51,0.51,266
ok,2024-03-21 09:00:00,0.53,0.53,0.53,0.53,100
ok,2024-03-21 09:30:00,0.53,0.53,0.53,0.53,200
ok,2024-03-21 10:00:00,0.54,0.54,0.54,0.54,300
ok,2024-03-21 10:30:00,0.53,0.53,0.51,0.51,200
ok,2024-03-21 11:00:00,0.51,0.51,0.51,0.51,210
ok,2024-03-21 12:00:00,0.51,0.54,0.51,0.54,5333
ok,2024-03-21 12:30:00,0.52,0.52,0.51,0.51,2100
ok,2024-03-21 13:00:00,0.54,0.54,0.51,0.53,661
ok,2024-03-21 14:30:00,0.54,0.54,0.51,0.51,711
ok,2024-03-22 09:00:00,0.52,0.53,0.52,0.53,3158
ok,2024-03-22 09:30:00,0.52,0.53,0.51,0.51,4417
ok,2024-03-22 10:00:00,0.51,0.52,0.51,0.52,200
ok,2024-03-22 11:30:00,0.51,0.51,0.51,0.51,290
ok,2024-03-22 12:00:00,0.52,0.52,0.52,0.52,100
ok,2024-03-22 13:30:00,0.52,0.52,0.52,0.52,100
ok,2024-03-22 14:30:00,0.52,0.52,0.51,0.51,15033
ok,2024-03-22 16:30:00,0.52,0.53,0.52,0.53,1000
ok,2024-03-22 17:30:00,0.53,0.53,0.53,0.53,300
ok,2024-03-25 08:30:00,0.53,0.53,0.5,0.53,1797
ok,2024-03-25 09:00:00,0.51,0.51,0.51,0.51,479
ok,2024-03-25 09:30:00,0.5,0.5,0.5,0.5,803
ok,2024-03-25 10:00:00,0.5,0.5,0.5,0.5,300
ok,2024-03-25 10:30:00,0.51,0.51,0.51,0.51,1000
ok,2024-03-25 11:30:00,0.52,0.52,0.52,0.52,196
ok,2024-03-25 12:00:00,0.51,0.51,0.51,0.51,100
ok,2024-03-25 13:30:00,0.51,0.51,0.51,0.51,200
ok,2024-03-25 14:30:00,0.5,0.5,0.5,0.5,100
ok,2024-03-25 16:30:00,0.5,0.5,0.5,0.5,200
ok,2024-03-25 18:30:00,0.53,0.53,0.53,0.53,431
ok,2024-03-26 03:00:00,0.53,0.53,0.53,0.53,290
ok,2024-03-26 06:30:00,0.52,0.52,0.52,0.52,100
ok,2024-03-26 08:00:00,0.5,0.5,0.47,0.49,8151
ok,2024-03-26 08:30:00,0.5,0.51,0.46,0.46,59806
ok,2024-03-26 09:00:00,0.47,0.47,0.46,0.46,3898
ok,2024-03-26 09:30:00,0.46,0.47,0.46,0.46,21436
ok,2024-03-26 10:00:00,0.46,0.46,0.44,0.44,22725
ok,2024-03-26 10:30:00,0.44,0.44,0.42,0.43,16729
ok,2024-03-26 11:00:00,0.43,0.45,0.4,0.4,69423
ok,2024-03-26 11:30:00,0.44,0.46,0.44,0.44,840
ok,2024-03-26 12:00:00,0.42,0.44,0.4,0.42,19827
ok,2024-03-26 12:30:00,0.43,0.44,0.42,0.43,827
ok,2024-03-26 13:00:00,0.44,0.44,0.43,0.43,7180
ok,2024-03-26 13:30:00,0.43,0.43,0.42,0.42,416
ok,2024-03-26 14:00:00,0.43,0.43,0.42,0.42,8631
ok,2024-03-26 14:30:00,0.42,0.45,0.41,0.45,17029
ok,2024-03-26 15:00:00,0.44,0.44,0.43,0.43,300
ok,2024-03-26 15:30:00,0.43,0.43,0.43,0.43,800
ok,2024-03-27 03:30:00,0.45,0.45,0.45,0.45,212
ok,2024-03-27 05:30:00,0.45,0.45,0.45,0.45,500
ok,2024-03-27 06:00:00,0.44,0.44,0.44,0.44,100
ok,2024-03-27 06:30:00,0.44,0.45,0.44,0.44,5000
ok,2024-03-27 07:00:00,0.43,0.43,0.43,0.43,2020
ok,2024-03-27 07:30:00,0.42,0.43,0.42,0.43,577
ok,2024-03-27 08:30:00,0.43,0.44,0.42,0.44,20693
ok,2024-03-27 09:00:00,0.44,0.45,0.44,0.45,1467
ok,2024-03-27 09:30:00,0.45,0.45,0.45,0.45,3030
ok,2024-03-27 10:00:00,0.43,0.45,0.43,0.45,700
ok,2024-03-27 10:30:00,0.45,0.45,0.45,0.45,100
ok,2024-03-27 11:00:00,0.43,0.47,0.43,0.47,200
ok,2024-03-27 11:30:00,0.46,0.46,0.46,0.46,100
ok,2024-03-27 12:00:00,0.45,0.47,0.45,0.47,380
ok,2024-03-27 12:30:00,0.46,0.47,0.45,0.46,3397
ok,2024-03-27 13:30:00,0.45,0.45,0.45,0.45,353
ok,2024-03-27 14:00:00,0.46,0.46,0.46,0.46,2217
ok,2024-03-27 14:30:00,0.46,0.46,0.46,0.46,1248
ok,2024-03-27 18:00:00,0.43,0.45,0.43,0.45,1000
ok,2024-03-28 07:00:00,0.44,0.44,0.44,0.44,779
ok,2024-03-28 08:30:00,0.43,0.47,0.43,0.47,625
ok,2024-03-28 09:00:00,0.45,0.45,0.45,0.45,431
ok,2024-03-28 09:30:00,0.45,0.45,0.45,0.45,1452
ok,2024-03-28 10:00:00,0.45,0.47,0.45,0.46,1947
ok,2024-03-28 10:30:00,0.43,0.43,0.43,0.43,106
ok,2024-03-28 11:00:00,0.44,0.46,0.44,0.46,1491
ok,2024-03-28 13:30:00,0.43,0.44,0.43,0.43,8211
ok,2024-03-28 14:00:00,0.45,0.45,0.45,0.45,100
ok,2024-03-28 14:30:00,0.44,0.44,0.43,0.43,10083
ok,2024-03-28 16:30:00,0.45,0.45,0.45,0.45,800
ok,2024-03-28 17:30:00,0.46,0.46,0.46,0.46,100
ok,2024-04-01 08:30:00,0.46,0.47,0.46,0.47,3718
ok,2024-04-01 09:00:00,0.44,0.44,0.42,0.42,8227
ok,2024-04-01 09:30:00,0.42,0.42,0.42,0.42,520
ok,2024-04-01 10:30:00,0.42,0.42,0.42,0.42,2816
ok,2024-04-01 11:00:00,0.42,0.42,0.41,0.42,2155
ok,2024-04-01 11:30:00,0.44,0.45,0.44,0.45,1700
ok,2024-04-01 12:00:00,0.43,0.43,0.43,0.43,100
ok,2024-04-01 12:30:00,0.42,0.44,0.42,0.44,200
ok,2024-04-01 13:00:00,0.45,0.45,0.43,0.43,2500
ok,2024-04-01 13:30:00,0.44,0.44,0.44,0.44,2000
ok,2024-04-01 14:00:00,0.43,0.43,0.43,0.43,2593
ok,2024-04-01 14:30:00,0.42,0.44,0.42,0.43,4648
ok,2024-04-01 15:00:00,0.43,0.43,0.43,0.43,100
ok,2024-04-02 04:30:00,0.45,0.45,0.45,0.45,3893
ok,2024-04-02 07:00:00,0.44,0.44,0.44,0.44,1140
ok,2024-04-02 08:00:00,0.43,0.43,0.43,0.43,100
ok,2024-04-02 08:30:00,0.45,0.45,0.45,0.45,500
ok,2024-04-02 09:00:00,0.44,0.44,0.43,0.43,1060
ok,2024-04-02 09:30:00,0.43,0.43,0.42,0.42,1639
ok,2024-04-02 10:00:00,0.42,0.42,0.42,0.42,694
ok,2024-04-02 11:00:00,0.44,0.44,0.44,0.44,100
ok,2024-04-02 12:00:00,0.44,0.44,0.44,0.44,200
ok,2024-04-02 12:30:00,0.43,0.44,0.43,0.44,10401
ok,2024-04-02 13:00:00,0.44,0.44,0.44,0.44,756
ok,2024-04-02 13:30:00,0.44,0.44,0.44,0.44,150
ok,2024-04-02 14:00:00,0.44,0.44,0.44,0.44,5839
ok,2024-04-02 14:30:00,0.44,0.45,0.44,0.45,4450
ok,2024-04-02 15:30:00,0.45,0.45,0.45,0.45,650
ok,2024-04-03 03:00:00,0.44,0.44,0.44,0.44,100
ok,2024-04-03 04:30:00,0.45,0.45,0.45,0.45,6938
ok,2024-04-03 07:00:00,0.45,0.45,0.45,0.45,500
ok,2024-04-03 07:30:00,0.45,0.45,0.45,0.45,200
ok,2024-04-03 08:00:00,0.45,0.45,0.45,0.45,205
ok,2024-04-03 09:30:00,0.45,0.45,0.44,0.44,800
ok,2024-04-03 10:30:00,0.43,0.43,0.41,0.41,4503
ok,2024-04-03 11:00:00,0.41,0.42,0.41,0.42,7728
ok,2024-04-03 11:30:00,0.45,0.45,0.43,0.43,1100
ok,2024-04-03 12:30:00,0.43,0.43,0.43,0.43,372
ok,2024-04-03 14:00:00,0.41,0.42,0.41,0.41,1602
ok,2024-04-03 14:30:00,0.43,0.44,0.43,0.43,615
ok,2024-04-03 15:00:00,0.43,0.43,0.43,0.43,100
ok,2024-04-03 16:00:00,0.43,0.43,0.43,0.43,299
ok,2024-04-03 16:30:00,0.41,0.41,0.41,0.41,300
ok,2024-04-04 03:00:00,0.44,0.44,0.44,0.44,3922
ok,2024-04-04 07:00:00,0.44,0.44,0.44,0.44,100
ok,2024-04-04 08:30:00,0.42,0.42,0.41,0.41,300
ok,2024-04-04 09:00:00,0.43,0.43,0.43,0.43,2600
ok,2024-04-04 09:30:00,0.43,0.43,0.43,0.43,380
ok,2024-04-04 10:30:00,0.42,0.43,0.42,0.43,4300
ok,2024-04-04 11:00:00,0.42,0.42,0.42,0.42,100
ok,2024-04-04 12:00:00,0.44,0.44,0.44,0.44,100
ok,2024-04-04 12:30:00,0.42,0.42,0.42,0.42,1100
ok,2024-04-04 13:30:00,0.42,0.44,0.42,0.44,15812
ok,2024-04-04 14:00:00,0.44,0.44,0.43,0.43,12594
ok,2024-04-04 14:30:00,0.43,0.45,0.43,0.45,11191
ok,2024-04-04 17:30:00,0.44,0.44,0.44,0.44,116
ok,2024-04-05 05:00:00,0.45,0.46,0.45,0.46,17405
ok,2024-04-05 08:30:00,0.45,0.45,0.44,0.45,3613
ok,2024-04-05 09:00:00,0.44,0.44,0.44,0.44,105
ok,2024-04-05 10:00:00,0.44,0.44,0.44,0.44,9425
ok,2024-04-05 10:30:00,0.45,0.45,0.45,0.45,109
ok,2024-04-05 11:30:00,0.45,0.45,0.45,0.45,943
ok,2024-04-05 12:00:00,0.44,0.44,0.44,0.44,5000
ok,2024-04-05 12:30:00,0.45,0.45,0.45,0.45,1332
ok,2024-04-05 13:00:00,0.45,0.45,0.44,0.45,6329
ok,2024-04-05 13:30:00,0.45,0.45,0.45,0.45,100
ok,2024-04-05 14:30:00,0.45,0.45,0.45,0.45,100
ok,2024-04-08 04:00:00,0.43,0.43,0.42,0.43,20512
ok,2024-04-08 06:30:00,0.44,0.45,0.44,0.44,22100
ok,2024-04-08 07:00:00,0.44,0.44,0.44,0.44,167
ok,2024-04-08 07:30:00,0.44,0.44,0.44,0.44,201
ok,2024-04-08 08:00:00,0.44,0.44,0.44,0.44,100
ok,2024-04-08 08:30:00,0.44,0.46,0.44,0.46,35601
ok,2024-04-08 09:00:00,0.45,0.45,0.45,0.45,201
ok,2024-04-08 09:30:00,0.45,0.46,0.43,0.46,3127
ok,2024-04-08 10:00:00,0.44,0.45,0.44,0.45,200
ok,2024-04-08 11:30:00,0.45,0.46,0.45,0.46,623
ok,2024-04-08 12:00:00,0.45,0.45,0.45,0.45,100
ok,2024-04-08 13:00:00,0.46,0.47,0.46,0.47,5769
ok,2024-04-08 13:30:00,0.47,0.47,0.47,0.47,4687
ok,2024-04-08 14:00:00,0.47,0.47,0.47,0.47,7566
ok,2024-04-08 14:30:00,0.47,0.47,0.45,0.45,18055
ok,2024-04-08 17:30:00,0.44,0.44,0.44,0.44,199
ok,2024-04-09 03:00:00,0.41,0.42,0.41,0.42,13500
ok,2024-04-09 08:30:00,0.44,0.5,0.44,0.5,553
ok,2024-04-09 09:00:00,0.44,0.5,0.44,0.46,50702
ok,2024-04-09 09:30:00,0.49,0.5,0.48,0.5,66756
ok,2024-04-09 10:00:00,0.5,0.5,0.5,0.5,28036
ok,2024-04-09 10:30:00,0.47,0.48,0.47,0.48,500
ok,2024-04-09 11:00:00,0.5,0.5,0.46,0.46,800
ok,2024-04-09 11:30:00,0.48,0.48,0.48,0.48,1700
ok,2024-04-09 12:00:00,0.49,0.49,0.49,0.49,100
ok,2024-04-09 12:30:00,0.47,0.47,0.47,0.47,100
ok,2024-04-09 13:30:00,0.47,0.47,0.47,0.47,100
ok,2024-04-09 14:00:00,0.49,0.5,0.49,0.5,2800
ok,2024-04-09 14:30:00,0.5,0.5,0.46,0.49,2390
ok,2024-04-09 15:00:00,0.49,0.49,0.49,0.49,2700
ok,2024-04-09 15:30:00,0.49,0.49,0.49,0.49,12700
ok,2024-04-09 16:00:00,0.45,0.48,0.45,0.48,500
ok,2024-04-09 17:00:00,0.46,0.47,0.46,0.47,400
ok,2024-04-10 08:00:00,0.49,0.49,0.49,0.49,100
ok,2024-04-10 08:30:00,0.49,0.5,0.49,0.5,3384
ok,2024-04-10 09:00:00,0.49,0.5,0.49,0.5,5350
ok,2024-04-10 09:30:00,0.5,0.53,0.5,0.5,11962
ok,2024-04-10 10:00:00,0.52,0.53,0.48,0.48,8340
ok,2024-04-10 10:30:00,0.48,0.48,0.48,0.48,150
ok,2024-04-10 11:00:00,0.52,0.53,0.49,0.5,11363
ok,2024-04-10 11:30:00,0.52,0.52,0.51,0.51,800
ok,2024-04-10 12:00:00,0.52,0.52,0.52,0.52,320
ok,2024-04-10 12:30:00,0.49,0.5,0.49,0.5,4100
ok,2024-04-10 13:00:00,0.51,0.52,0.51,0.52,5872
ok,2024-04-10 13:30:00,0.52,0.53,0.5,0.53,30721
ok,2024-04-10 14:00:00,0.53,0.53,0.51,0.53,5000
ok,2024-04-10 14:30:00,0.51,0.53,0.51,0.53,6400
ok,2024-04-10 15:00:00,0.53,0.53,0.52,0.52,5200
ok,2024-04-10 15:30:00,0.5,0.5,0.5,0.5,45100
ok,2024-04-10 16:00:00,0.5,0.52,0.5,0.52,12000
ok,2024-04-10 16:30:00,0.51,0.51,0.51,0.51,19247
ok,2024-04-11 06:30:00,0.5,0.5,0.5,0.5,2800
ok,2024-04-11 08:30:00,0.47,0.48,0.47,0.48,15052
ok,2024-04-11 09:00:00,0.48,0.49,0.48,0.49,2619
ok,2024-04-11 10:00:00,0.49,0.49,0.49,0.49,133
ok,2024-04-11 10:30:00,0.49,0.49,0.49,0.49,601
ok,2024-04-11 11:00:00,0.49,0.49,0.49,0.49,330
ok,2024-04-11 11:30:00,0.49,0.5,0.49,0.5,3000
ok,2024-04-11 12:00:00,0.5,0.5,0.5,0.5,100
ok,2024-04-11 12:30:00,0.5,0.5,0.5,0.5,300
ok,2024-04-11 14:00:00,0.48,0.48,0.48,0.48,232
ok,2024-04-11 14:30:00,0.48,0.49,0.48,0.49,9198
ok,2024-04-11 16:30:00,0.48,0.48,0.48,0.48,2400
ok,2024-04-11 17:00:00,0.45,0.45,0.45,0.45,173
ok,2024-04-12 05:30:00,0.48,0.48,0.48,0.48,173
ok,2024-04-12 08:30:00,0.46,0.48,0.46,0.48,3201
ok,2024-04-12 09:00:00,0.48,0.51,0.46,0.46,3624
ok,2024-04-12 09:30:00,0.48,0.48,0.47,0.47,1100
ok,2024-04-12 10:30:00,0.48,0.48,0.47,0.48,1480
ok,2024-04-12 11:00:00,0.47,0.47,0.47,0.47,225
ok,2024-04-12 11:30:00,0.48,0.48,0.48,0.48,1091
ok,2024-04-12 12:00:00,0.48,0.49,0.48,0.49,700
ok,2024-04-12 12:30:00,0.5,0.5,0.5,0.5,1000
ok,2024-04-12 13:00:00,0.5,0.5,0.5,0.5,320
ok,2024-04-12 13:30:00,0.5,0.53,0.5,0.53,1153
ok,2024-04-12 14:00:00,0.53,0.53,0.46,0.53,9438
ok,2024-04-12 14:30:00,0.53,0.53,0.48,0.5,28327
ok,2024-04-12 18:30:00,0.5,0.5,0.5,0.5,3870
ok,2024-04-15 06:00:00,0.49,0.5,0.49,0.5,866
ok,2024-04-15 07:00:00,0.5,0.5,0.48,0.48,6050
ok,2024-04-15 08:00:00,0.49,0.53,0.49,0.53,5101
ok,2024-04-15 08:30:00,0.5,0.51,0.5,0.5,25208
ok,2024-04-15 09:00:00,0.49,0.5,0.49,0.49,2085
ok,2024-04-15 09:30:00,0.49,0.5,0.48,0.49,9370
ok,2024-04-15 10:00:00,0.49,0.5,0.48,0.5,5714
ok,2024-04-15 11:00:00,0.48,0.48,0.47,0.47,1215
ok,2024-04-15 11:30:00,0.49,0.49,0.49,0.49,1000
ok,2024-04-15 12:00:00,0.5,0.5,0.5,0.5,202
ok,2024-04-15 13:30:00,0.5,0.5,0.48,0.48,8586
ok,2024-04-15 14:00:00,0.49,0.49,0.49,0.49,300
ok,2024-04-15 14:30:00,0.48,0.48,0.47,0.47,495
ok,2024-04-15 15:30:00,0.47,0.47,0.44,0.46,2505
ok,2024-04-16 03:00:00,0.5,0.5,0.5,0.5,3900
ok,2024-04-16 05:00:00,0.46,0.46,0.46,0.46,500
ok,2024-04-16 07:00:00,0.42,0.45,0.42,0.45,3109
ok,2024-04-16 08:30:00,0.44,0.44,0.44,0.44,18557
ok,2024-04-16 09:00:00,0.47,0.47,0.47,0.47,100
ok,2024-04-16 10:00:00,0.44,0.45,0.44,0.45,1800
ok,2024-04-16 10:30:00,0.44,0.44,0.44,0.44,1148
ok,2024-04-16 11:00:00,0.44,0.46,0.44,0.44,6166
ok,2024-04-16 11:30:00,0.44,0.47,0.44,0.47,3368
ok,2024-04-16 12:00:00,0.45,0.45,0.45,0.45,359
ok,2024-04-16 12:30:00,0.45,0.45,0.45,0.45,140
ok,2024-04-16 13:00:00,0.45,0.45,0.44,0.44,4110
ok,2024-04-16 14:00:00,0.44,0.44,0.43,0.44,6748
ok,2024-04-16 14:30:00,0.43,0.45,0.43,0.45,962
ok,2024-04-16 18:30:00,0.45,0.47,0.45,0.47,2412
ok,2024-04-17 07:00:00,0.41,0.46,0.41,0.46,4081
ok,2024-04-17 09:30:00,0.46,0.46,0.46,0.46,100
ok,2024-04-17 10:00:00,0.43,0.43,0.43,0.43,714
ok,2024-04-17 10:30:00,0.45,0.45,0.45,0.45,400
ok,2024-04-17 13:00:00,0.43,0.43,0.43,0.43,500
ok,2024-04-17 13:30:00,0.46,0.48,0.46,0.48,22872
ok,2024-04-17 14:00:00,0.48,0.48,0.46,0.47,30296
ok,2024-04-17 14:30:00,0.47,0.49,0.45,0.48,18676
ok,2024-04-17 15:00:00,0.49,0.88,0.49,0.76,2420341
ok,2024-04-17 15:30:00,0.75,0.86,0.67,0.77,739724
ok,2024-04-17 16:00:00,0.8,1.09,0.77,1.0,1908596
ok,2024-04-17 16:30:00,1.0,1.9,0.95,1.2,3608539
ok,2024-04-17 17:00:00,1.21,1.34,1.06,1.15,1110674
ok,2024-04-17 17:30:00,1.16,1.26,1.09,1.17,704487
ok,2024-04-17 18:00:00,1.16,1.23,1.1,1.2,294440
ok,2024-04-17 18:30:00,1.22,1.5,1.2,1.27,691844
ok,2024-04-18 03:00:00,1.26,1.57,1.08,1.3,2549423
ok,2024-04-18 03:30:00,1.3,1.42,1.25,1.36,937604
ok,2024-04-18 04:00:00,1.36,1.41,1.28,1.33,544840
ok,2024-04-18 04:30:00,1.33,1.4,1.18,1.26,886769
ok,2024-04-18 05:00:00,1.25,1.27,1.1,1.2,923526
ok,2024-04-18 05:30:00,1.21,1.29,1.16,1.24,515685
ok,2024-04-18 06:00:00,1.24,1.62,1.24,1.43,3825325
ok,2024-04-18 06:30:00,1.43,1.65,1.36,1.55,2211557
ok,2024-04-18 07:00:00,1.4,1.81,1.23,1.72,10046883
ok,2024-04-18 07:30:00,1.72,1.85,1.46,1.54,4177650
ok,2024-04-18 08:00:00,1.55,1.62,1.42,1.47,2341678
ok,2024-04-18 08:30:00,1.47,1.48,1.06,1.18,12339994
ok,2024-04-18 09:00:00,1.18,1.22,0.88,0.95,5699678
ok,2024-04-18 09:30:00,0.95,0.96,0.73,0.81,3319855
ok,2024-04-18 10:00:00,0.81,0.88,0.76,0.84,1653399
ok,2024-04-18 10:30:00,0.84,0.86,0.77,0.8,841008
ok,2024-04-18 11:00:00,0.81,0.86,0.8,0.82,636276
ok,2024-04-18 11:30:00,0.82,0.86,0.78,0.85,483009
ok,2024-04-18 12:00:00,0.85,0.94,0.81,0.91,1274685
ok,2024-04-18 12:30:00,0.91,0.91,0.85,0.88,548139
ok,2024-04-18 13:00:00,0.88,0.88,0.81,0.84,538633
ok,2024-04-18 13:30:00,0.84,0.84,0.71,0.76,700442
ok,2024-04-18 14:00:00,0.75,0.8,0.74,0.74,314050
ok,2024-04-18 14:30:00,0.75,0.8,0.7,0.7,818185
ok,2024-04-18 15:00:00,0.73,0.8,0.69,0.69,150556
ok,2024-04-18 15:30:00,0.7,0.74,0.67,0.68,88869
ok,2024-04-18 16:00:00,0.68,0.75,0.67,0.75,135925
ok,2024-04-18 16:30:00,0.72,0.74,0.72,0.74,52746
ok,2024-04-18 17:00:00,0.73,0.74,0.68,0.68,24583
ok,2024-04-18 17:30:00,0.68,0.71,0.68,0.7,12254
ok,2024-04-18 18:00:00,0.71,0.72,0.7,0.72,6924
ok,2024-04-18 18:30:00,0.72,0.74,0.72,0.74,22588
ok,2024-04-19 03:00:00,0.65,0.74,0.64,0.64,70245
ok,2024-04-19 03:30:00,0.65,0.66,0.64,0.66,27811
ok,2024-04-19 04:00:00,0.64,0.66,0.64,0.66,31970
ok,2024-04-19 04:30:00,0.65,0.66,0.63,0.63,24118
ok,2024-04-19 05:00:00,0.63,0.64,0.62,0.62,28117
ok,2024-04-19 05:30:00,0.62,0.66,0.62,0.65,19808
ok,2024-04-19 06:00:00,0.65,0.66,0.65,0.65,26515
ok,2024-04-19 06:30:00,0.66,0.66,0.65,0.66,36803
ok,2024-04-19 07:00:00,0.66,0.66,0.65,0.65,100353
ok,2024-04-19 07:30:00,0.66,0.7,0.65,0.69,65871
ok,2024-04-19 08:00:00,0.69,0.72,0.67,0.69,55706
ok,2024-04-19 08:30:00,0.7,0.71,0.61,0.61,446663
ok,2024-04-19 09:00:00,0.61,0.66,0.61,0.63,295671
ok,2024-04-19 09:30:00,0.62,0.64,0.61,0.64,129605
ok,2024-04-19 10:00:00,0.62,0.64,0.62,0.63,49920
ok,2024-04-19 10:30:00,0.64,0.64,0.63,0.64,49383
ok,2024-04-19 11:00:00,0.64,0.67,0.64,0.65,65929
ok,2024-04-19 11:30:00,0.67,0.67,0.65,0.66,30003
ok,2024-04-19 12:00:00,0.66,0.67,0.66,0.67,25418
ok,2024-04-19 12:30:00,0.67,0.7,0.66,0.7,91284
ok,2024-04-19 13:00:00,0.7,0.71,0.67,0.71,125228
ok,2024-04-19 13:30:00,0.71,0.72,0.7,0.72,86018
ok,2024-04-19 14:00:00,0.72,0.75,0.71,0.74,89677
ok,2024-04-19 14:30:00,0.74,0.74,0.7,0.74,123232
ok,2024-04-19 15:00:00,0.74,0.74,0.71,0.71,5944
ok,2024-04-19 15:30:00,0.7,0.71,0.66,0.68,12465
ok,2024-04-19 16:00:00,0.68,0.7,0.67,0.67,5260
ok,2024-04-19 16:30:00,0.69,0.69,0.65,0.67,8533
ok,2024-04-19 17:00:00,0.67,0.67,0.67,0.67,700
ok,2024-04-19 17:30:00,0.67,0.67,0.67,0.67,1086
ok,2024-04-19 18:00:00,0.67,0.67,0.67,0.67,533
ok,2024-04-19 18:30:00,0.69,0.69,0.69,0.69,1000
ok,2024-04-22 03:00:00,0.71,0.72,0.66,0.71,4111
ok,2024-04-22 03:30:00,0.68,0.72,0.68,0.71,1265
ok,2024-04-22 04:00:00,0.71,0.71,0.67,0.67,866
ok,2024-04-22 04:30:00,0.67,0.69,0.67,0.69,3438
ok,2024-04-22 05:00:00,0.68,0.69,0.67,0.67,1123
ok,2024-04-22 05:30:00,0.67,0.67,0.67,0.67,784
ok,2024-04-22 06:00:00,0.68,0.69,0.67,0.67,12079
ok,2024-04-22 06:30:00,0.67,0.67,0.66,0.67,1142
ok,2024-04-22 07:00:00,0.67,0.7,0.65,0.66,12355
ok,2024-04-22 07:30:00,0.65,0.67,0.65,0.67,7627
ok,2024-04-22 08:00:00,0.66,0.67,0.66,0.67,588
ok,2024-04-22 08:30:00,0.64,0.65,0.62,0.63,90601
ok,2024-04-22 09:00:00,0.63,0.65,0.61,0.65,42272
ok,2024-04-22 09:30:00,0.64,0.69,0.63,0.66,49348
ok,2024-04-22 10:00:00,0.66,0.69,0.65,0.67,50187
ok,2024-04-22 10:30:00,0.67,0.67,0.64,0.66,25735
ok,2024-04-22 11:00:00,0.66,0.67,0.66,0.67,20109
ok,2024-04-22 11:30:00,0.67,0.7,0.66,0.7,36073
ok,2024-04-22 12:00:00,0.7,0.71,0.65,0.7,56060
ok,2024-04-22 12:30:00,0.68,0.7,0.66,0.68,17054
ok,2024-04-22 13:00:00,0.68,0.7,0.67,0.7,60156
ok,2024-04-22 13:30:00,0.69,0.7,0.65,0.7,31238
ok,2024-04-22 14:00:00,0.7,0.7,0.68,0.7,30167
ok,2024-04-22 14:30:00,0.7,0.7,0.66,0.69,23281
ok,2024-04-22 15:00:00,0.65,0.68,0.63,0.63,17243
ok,2024-04-22 15:30:00,0.66,0.66,0.64,0.64,1808
ok,2024-04-22 16:00:00,0.63,0.66,0.63,0.63,7287
ok,2024-04-22 16:30:00,0.63,0.63,0.63,0.63,760
ok,2024-04-22 17:00:00,0.63,0.64,0.63,0.64,296
ok,2024-04-22 17:30:00,0.64,0.64,0.64,0.64,980
ok,2024-04-23 03:00:00,0.64,0.64,0.63,0.63,1571
ok,2024-04-23 03:30:00,0.64,0.64,0.64,0.64,144
ok,2024-04-23 04:00:00,0.64,0.65,0.64,0.65,498
ok,2024-04-23 04:30:00,0.64,0.64,0.64,0.64,900
ok,2024-04-23 05:00:00,0.64,0.65,0.64,0.65,494
ok,2024-04-23 05:30:00,0.65,0.65,0.64,0.64,1160
ok,2024-04-23 06:30:00,0.64,0.64,0.64,0.64,4342
ok,2024-04-23 07:00:00,0.65,0.65,0.63,0.63,6601
ok,2024-04-23 07:30:00,0.63,0.65,0.63,0.65,2501
ok,2024-04-23 08:00:00,0.63,0.65,0.62,0.62,14393
ok,2024-04-23 08:30:00,0.6,0.64,0.58,0.58,126684
ok,2024-04-23 09:00:00,0.59,0.6,0.5,0.51,395539
ok,2024-04-23 09:30:00,0.54,0.54,0.46,0.5,240598
ok,2024-04-23 10:00:00,0.51,0.53,0.5,0.52,28535
ok,2024-04-23 10:30:00,0.52,0.53,0.52,0.53,34435
ok,2024-04-23 11:00:00,0.53,0.53,0.52,0.52,16860
ok,2024-04-23 11:30:00,0.52,0.53,0.51,0.51,18790
ok,2024-04-23 12:00:00,0.53,0.53,0.51,0.53,17636
ok,2024-04-23 12:30:00,0.53,0.53,0.51,0.51,5276
ok,2024-04-23 13:00:00,0.53,0.53,0.51,0.52,20250
ok,2024-04-23 13:30:00,0.52,0.52,0.51,0.51,6025
ok,2024-04-23 14:00:00,0.51,0.52,0.5,0.5,17833
ok,2024-04-23 14:30:00,0.51,0.52,0.51,0.51,13617
ok,2024-04-23 15:00:00,0.53,0.53,0.53,0.53,200
ok,2024-04-23 15:30:00,0.52,0.52,0.51,0.51,5501
ok,2024-04-23 16:00:00,0.51,0.51,0.51,0.51,2806
ok,2024-04-23 16:30:00,0.51,0.53,0.51,0.53,6448
ok,2024-04-23 17:00:00,0.53,0.53,0.53,0.53,1600
ok,2024-04-23 17:30:00,0.53,0.53,0.52,0.53,1600
ok,2024-04-23 18:00:00,0.53,0.53,0.52,0.52,1416
ok,2024-04-24 04:00:00,0.51,0.51,0.49,0.5,1590
ok,2024-04-24 04:30:00,0.51,0.51,0.51,0.51,206
ok,2024-04-24 05:30:00,0.5,0.5,0.5,0.5,195
ok,2024-04-24 06:00:00,0.49,0.5,0.49,0.5,1100
ok,2024-04-24 07:00:00,0.5,0.51,0.48,0.48,6058
ok,2024-04-24 07:30:00,0.49,0.49,0.49,0.49,1460
ok,2024-04-24 08:00:00,0.49,0.5,0.48,0.5,2547
ok,2024-04-24 08:30:00,0.48,0.5,0.48,0.48,29678
ok,2024-04-24 09:00:00,0.48,0.53,0.48,0.51,80434
ok,2024-04-24 09:30:00,0.51,0.52,0.49,0.52,40073
ok,2024-04-24 10:00:00,0.5,0.5,0.46,0.48,25267
ok,2024-04-24 10:30:00,0.5,0.5,0.48,0.5,5499
ok,2024-04-24 11:00:00,0.5,0.51,0.5,0.5,4753
ok,2024-04-24 11:30:00,0.5,0.51,0.5,0.5,11141
ok,2024-04-24 12:00:00,0.5,0.5,0.5,0.5,354
ok,2024-04-24 12:30:00,0.5,0.51,0.5,0.51,3253
ok,2024-04-24 13:00:00,0.51,0.51,0.5,0.5,11352
ok,2024-04-24 13:30:00,0.5,0.5,0.5,0.5,1060
ok,2024-04-24 14:00:00,0.5,0.5,0.5,0.5,3000
ok,2024-04-24 14:30:00,0.5,0.52,0.5,0.5,20112
ok,2024-04-24 15:30:00,0.5,0.5,0.5,0.5,200
ok,2024-04-24 16:00:00,0.51,0.51,0.51,0.51,1371
ok,2024-04-24 16:30:00,0.5,0.5,0.5,0.5,691
ok,2024-04-24 17:00:00,0.5,0.5,0.5,0.5,2938
ok,2024-04-24 18:30:00,0.5,0.5,0.5,0.5,368
ok,2024-04-25 03:00:00,0.51,0.51,0.5,0.5,835
ok,2024-04-25 04:30:00,0.51,0.51,0.51,0.51,200
ok,2024-04-25 07:00:00,0.5,0.52,0.5,0.52,1323
ok,2024-04-25 08:00:00,0.52,0.52,0.5,0.5,11722
ok,2024-04-25 08:30:00,0.5,0.52,0.47,0.5,37867
ok,2024-04-25 09:00:00,0.49,0.5,0.48,0.49,17707
ok,2024-04-25 09:30:00,0.49,0.5,0.48,0.5,8676
ok,2024-04-25 10:00:00,0.49,0.5,0.47,0.47,70247
ok,2024-04-25 10:30:00,0.47,0.49,0.47,0.49,5268
ok,2024-04-25 11:00:00,0.48,0.5,0.48,0.48,3435
ok,2024-04-25 12:00:00,0.49,0.49,0.47,0.47,14001
ok,2024-04-25 12:30:00,0.48,0.48,0.47,0.47,8243
ok,2024-04-25 13:00:00,0.48,0.5,0.48,0.49,4002
ok,2024-04-25 13:30:00,0.5,0.51,0.49,0.5,51982
ok,2024-04-25 14:00:00,0.5,0.52,0.49,0.49,18967
ok,2024-04-25 14:30:00,0.51,0.51,0.47,0.49,59379
ok,2024-04-25 15:00:00,0.5,0.5,0.5,0.5,102
ok,2024-04-25 15:30:00,0.48,0.5,0.48,0.5,1995
ok,2024-04-25 16:00:00,0.48,0.48,0.48,0.48,2322
ok,2024-04-25 16:30:00,0.48,0.48,0.47,0.47,13096
ok,2024-04-25 17:00:00,0.48,0.48,0.48,0.48,150
ok,2024-04-25 17:30:00,0.48,0.48,0.48,0.48,700
ok,2024-04-25 18:00:00,0.48,0.48,0.48,0.48,200
ok,2024-04-25 18:30:00,0.47,0.48,0.47,0.48,1640
ok,2024-04-26 07:00:00,0.49,0.5,0.48,0.48,11712
ok,2024-04-26 07:30:00,0.48,0.48,0.48,0.48,1409
ok,2024-04-26 08:30:00,0.47,0.5,0.47,0.49,22996
ok,2024-04-26 09:00:00,0.49,0.49,0.48,0.49,10018
ok,2024-04-26 09:30:00,0.5,0.5,0.48,0.48,1543
ok,2024-04-26 10:00:00,0.48,0.48,0.48,0.48,3000
ok,2024-04-26 10:30:00,0.48,0.5,0.48,0.5,23668
ok,2024-04-26 11:00:00,0.49,0.51,0.49,0.5,3736
ok,2024-04-26 11:30:00,0.49,0.51,0.48,0.48,1881
ok,2024-04-26 12:00:00,0.5,0.5,0.48,0.48,3420
ok,2024-04-26 12:30:00,0.48,0.5,0.48,0.5,5804
ok,2024-04-26 13:00:00,0.48,0.48,0.48,0.48,1154
ok,2024-04-26 13:30:00,0.48,0.5,0.48,0.48,375
ok,2024-04-26 14:00:00,0.48,0.5,0.48,0.5,10967
ok,2024-04-26 14:30:00,0.5,0.51,0.48,0.51,57866
ok,2024-04-26 15:00:00,0.52,0.52,0.49,0.49,7548
ok,2024-04-26 15:30:00,0.52,0.52,0.49,0.5,2573
ok,2024-04-26 16:00:00,0.5,0.5,0.5,0.5,17849
ok,2024-04-26 16:30:00,0.5,0.5,0.5,0.5,3038
ok,2024-04-26 17:00:00,0.5,0.52,0.5,0.52,10045
ok,2024-04-26 17:30:00,0.51,0.52,0.51,0.51,1500
ok,2024-04-26 18:00:00,0.52,0.52,0.51,0.52,2939
ok,2024-04-26 18:30:00,0.52,0.52,0.5,0.5,2210
ok,2024-04-29 03:30:00,0.5,0.5,0.5,0.5,110
ok,2024-04-29 05:00:00,0.5,0.5,0.5,0.5,208
ok,2024-04-29 05:30:00,0.5,0.5,0.5,0.5,834
ok,2024-04-29 07:00:00,0.49,0.52,0.49,0.49,1555
ok,2024-04-29 07:30:00,0.5,0.5,0.5,0.5,421
ok,2024-04-29 08:00:00,0.5,0.5,0.49,0.49,1294
ok,2024-04-29 08:30:00,0.5,0.51,0.49,0.5,12449
ok,2024-04-29 09:00:00,0.49,0.49,0.49,0.49,335
ok,2024-04-29 09:30:00,0.51,0.55,0.49,0.54,102745
ok,2024-04-29 10:00:00,0.54,0.56,0.54,0.55,68912
ok,2024-04-29 10:30:00,0.54,0.55,0.53,0.53,50828
ok,2024-04-29 11:00:00,0.54,0.55,0.53,0.53,17104
ok,2024-04-29 11:30:00,0.54,0.54,0.54,0.54,330
ok,2024-04-29 12:00:00,0.55,0.56,0.54,0.56,11400
ok,2024-04-29 12:30:00,0.56,0.56,0.54,0.54,2150
ok,2024-04-29 13:00:00,0.54,0.54,0.54,0.54,2135
ok,2024-04-29 13:30:00,0.54,0.55,0.54,0.55,4588
ok,2024-04-29 14:00:00,0.55,0.55,0.54,0.54,2495
ok,2024-04-29 14:30:00,0.54,0.55,0.54,0.54,38058
ok,2024-04-29 16:00:00,0.51,0.51,0.51,0.51,1506
ok,2024-04-29 17:00:00,0.51,0.51,0.51,0.51,1200
ok,2024-04-30 06:00:00,0.53,0.55,0.53,0.55,499
ok,2024-04-30 07:00:00,0.53,0.54,0.52,0.52,1493
ok,2024-04-30 07:30:00,0.51,0.51,0.5,0.5,1723
ok,2024-04-30 08:00:00,0.5,0.5,0.5,0.5,509
ok,2024-04-30 08:30:00,0.54,0.54,0.51,0.51,8509
ok,2024-04-30 09:00:00,0.51,0.51,0.51,0.51,500
ok,2024-04-30 09:30:00,0.52,0.52,0.51,0.52,7762
ok,2024-04-30 10:00:00,0.52,0.54,0.51,0.54,5035
ok,2024-04-30 10:30:00,0.52,0.54,0.52,0.54,400
ok,2024-04-30 11:00:00,0.54,0.54,0.52,0.52,2100
ok,2024-04-30 12:00:00,0.54,0.54,0.51,0.51,14453
ok,2024-04-30 12:30:00,0.54,0.54,0.51,0.54,736
ok,2024-04-30 13:00:00,0.52,0.54,0.52,0.53,6968
ok,2024-04-30 13:30:00,0.53,0.54,0.53,0.54,4890
ok,2024-04-30 14:00:00,0.54,0.54,0.54,0.54,7632
ok,2024-04-30 14:30:00,0.54,0.54,0.53,0.53,3945
ok,2024-04-30 15:00:00,0.51,0.51,0.51,0.51,152
ok,2024-04-30 15:30:00,0.51,0.51,0.51,0.51,285
ok,2024-04-30 16:00:00,0.51,0.51,0.51,0.51,2768
ok,2024-05-01 05:00:00,0.52,0.53,0.52,0.53,400
ok,2024-05-01 07:00:00,0.51,0.55,0.51,0.51,2347
ok,2024-05-01 07:30:00,0.51,0.51,0.51,0.51,2734
ok,2024-05-01 08:00:00,0.51,0.51,0.51,0.51,3472
ok,2024-05-01 08:30:00,0.55,0.55,0.51,0.52,13753
ok,2024-05-01 09:00:00,0.52,0.52,0.51,0.51,7768
ok,2024-05-01 09:30:00,0.51,0.52,0.51,0.51,5963
ok,2024-05-01 10:00:00,0.52,0.52,0.51,0.52,4302
ok,2024-05-01 10:30:00,0.53,0.53,0.52,0.52,2053
ok,2024-05-01 11:00:00,0.53,0.53,0.51,0.52,6936
ok,2024-05-01 11:30:00,0.52,0.52,0.52,0.52,4155
ok,2024-05-01 12:30:00,0.52,0.52,0.52,0.52,200
ok,2024-05-01 13:00:00,0.52,0.52,0.52,0.52,485
ok,2024-05-01 13:30:00,0.53,0.53,0.53,0.53,589
ok,2024-05-01 14:00:00,0.53,0.53,0.53,0.53,6988
ok,2024-05-01 14:30:00,0.52,0.53,0.52,0.53,9140
ok,2024-05-01 18:30:00,0.52,0.52,0.52,0.52,2000
ok,2024-05-02 06:00:00,0.52,0.52,0.52,0.52,244
ok,2024-05-02 07:00:00,0.53,0.53,0.52,0.52,6591
ok,2024-05-02 07:30:00,0.53,0.53,0.53,0.53,388
ok,2024-05-02 08:00:00,0.52,0.52,0.52,0.52,100
ok,2024-05-02 08:30:00,0.54,0.54,0.52,0.53,5611
ok,2024-05-02 09:00:00,0.52,0.53,0.52,0.52,4206
ok,2024-05-02 09:30:00,0.52,0.52,0.52,0.52,2141
ok,2024-05-02 10:00:00,0.53,0.54,0.52,0.53,3190
ok,2024-05-02 10:30:00,0.52,0.52,0.5,0.5,26633
ok,2024-05-02 11:00:00,0.52,0.52,0.51,0.51,3601
ok,2024-05-02 11:30:00,0.51,0.52,0.51,0.52,43310
ok,2024-05-02 12:00:00,0.53,0.53,0.52,0.53,2441
ok,2024-05-02 12:30:00,0.53,0.54,0.53,0.54,18853
ok,2024-05-02 13:00:00,0.53,0.55,0.53,0.55,6985
ok,2024-05-02 13:30:00,0.53,0.55,0.53,0.54,2642
ok,2024-05-02 14:00:00,0.53,0.55,0.53,0.55,7852
ok,2024-05-02 14:30:00,0.55,0.55,0.54,0.54,12635
ok,2024-05-02 15:00:00,0.5,0.5,0.5,0.5,20000
ok,2024-05-02 16:00:00,0.53,0.53,0.53,0.53,400
ok,2024-05-03 07:00:00,0.51,0.54,0.51,0.54,932
ok,2024-05-03 08:00:00,0.52,0.53,0.52,0.53,1000
ok,2024-05-03 08:30:00,0.53,0.54,0.51,0.54,3343
ok,2024-05-03 09:00:00,0.54,0.54,0.52,0.54,5841
ok,2024-05-03 09:30:00,0.52,0.53,0.5,0.53,66756
ok,2024-05-03 10:00:00,0.53,0.53,0.53,0.53,1023
ok,2024-05-03 10:30:00,0.53,0.53,0.5,0.5,7895
ok,2024-05-03 11:00:00,0.52,0.52,0.51,0.51,787
ok,2024-05-03 11:30:00,0.54,0.54,0.51,0.52,2370
ok,2024-05-03 12:00:00,0.52,0.52,0.52,0.52,100
ok,2024-05-03 12:30:00,0.52,0.52,0.52,0.52,10409
ok,2024-05-03 13:00:00,0.52,0.52,0.5,0.5,30000
ok,2024-05-03 13:30:00,0.5,0.52,0.5,0.52,31054
ok,2024-05-03 14:00:00,0.52,0.52,0.5,0.5,17570
ok,2024-05-03 14:30:00,0.5,0.52,0.5,0.52,1599
ok,2024-05-03 15:00:00,0.5,0.5,0.48,0.5,3998
ok,2024-05-03 15:30:00,0.5,0.5,0.5,0.5,129
ok,2024-05-06 03:30:00,0.5,0.5,0.5,0.5,100
ok,2024-05-06 04:30:00,0.5,0.5,0.5,0.5,110
ok,2024-05-06 05:00:00,0.51,0.51,0.5,0.5,673
ok,2024-05-06 05:30:00,0.5,0.5,0.5,0.5,274
ok,2024-05-06 06:00:00,0.5,0.5,0.5,0.5,202
ok,2024-05-06 07:00:00,0.51,0.51,0.51,0.51,2956
ok,2024-05-06 08:00:00,0.51,0.51,0.51,0.51,1938
ok,2024-05-06 08:30:00,0.51,0.51,0.5,0.51,2077
ok,2024-05-06 09:00:00,0.51,0.53,0.5,0.52,6316
ok,2024-05-06 09:30:00,0.51,0.51,0.5,0.5,11343
ok,2024-05-06 10:00:00,0.5,0.5,0.5,0.5,4890
ok,2024-05-06 10:30:00,0.5,0.5,0.5,0.5,3282
ok,2024-05-06 11:00:00,0.51,0.51,0.5,0.51,4350
ok,2024-05-06 11:30:00,0.51,0.51,0.51,0.51,100
ok,2024-05-06 12:00:00,0.5,0.5,0.5,0.5,4375
ok,2024-05-06 13:00:00,0.5,0.5,0.5,0.5,120
ok,2024-05-06 13:30:00,0.51,0.51,0.5,0.5,443
ok,2024-05-06 14:00:00,0.51,0.51,0.51,0.51,600
ok,2024-05-06 14:30:00,0.51,0.51,0.51,0.51,3483
ok,2024-05-06 15:00:00,0.51,0.51,0.51,0.51,2053
ok,2024-05-06 15:30:00,0.51,0.51,0.5,0.5,2866
ok,2024-05-06 16:00:00,0.5,0.5,0.5,0.5,400
ok,2024-05-06 16:30:00,0.49,0.49,0.48,0.48,3064
ok,2024-05-06 17:00:00,0.48,0.48,0.48,0.48,1000
ok,2024-05-07 03:30:00,0.51,0.51,0.51,0.51,400
ok,2024-05-07 05:30:00,0.51,0.51,0.51,0.51,452
ok,2024-05-07 06:00:00,0.51,0.51,0.51,0.51,1737
ok,2024-05-07 07:00:00,0.53,0.53,0.51,0.51,401
ok,2024-05-07 08:30:00,0.51,0.51,0.49,0.51,7555
ok,2024-05-07 09:00:00,0.51,0.51,0.49,0.51,22243
ok,2024-05-07 10:00:00,0.5,0.5,0.5,0.5,400
ok,2024-05-07 10:30:00,0.49,0.51,0.49,0.51,432
ok,2024-05-07 11:00:00,0.49,0.51,0.49,0.5,2448
ok,2024-05-07 11:30:00,0.5,0.5,0.5,0.5,498
ok,2024-05-07 12:00:00,0.5,0.51,0.5,0.51,45576
ok,2024-05-07 13:00:00,0.5,0.5,0.5,0.5,1000
ok,2024-05-07 13:30:00,0.5,0.51,0.5,0.51,10206
ok,2024-05-07 14:30:00,0.51,0.51,0.49,0.49,38785
ok,2024-05-07 16:30:00,0.51,0.51,0.51,0.51,500
ok,2024-05-07 17:30:00,0.49,0.49,0.49,0.49,200
ok,2024-05-07 18:30:00,0.49,0.5,0.49,0.5,400
ok,2024-05-08 05:00:00,0.53,0.53,0.53,0.53,150
ok,2024-05-08 07:00:00,0.49,0.52,0.49,0.52,3480
ok,2024-05-08 07:30:00,0.5,0.5,0.5,0.5,150
ok,2024-05-08 08:00:00,0.5,0.5,0.5,0.5,400
ok,2024-05-08 08:30:00,0.49,0.51,0.49,0.51,3638
ok,2024-05-08 09:00:00,0.51,0.51,0.49,0.51,18283
ok,2024-05-08 09:30:00,0.51,0.51,0.5,0.51,4266
ok,2024-05-08 10:00:00,0.51,0.51,0.49,0.49,229
ok,2024-05-08 10:30:00,0.5,0.5,0.49,0.49,2021
ok,2024-05-08 11:00:00,0.49,0.5,0.49,0.5,386
ok,2024-05-08 11:30:00,0.5,0.51,0.5,0.5,2064
ok,2024-05-08 12:00:00,0.51,0.51,0.5,0.5,7200
ok,2024-05-08 12:30:00,0.5,0.5,0.5,0.5,209
ok,2024-05-08 13:00:00,0.51,0.51,0.51,0.51,1586
ok,2024-05-08 13:30:00,0.51,0.51,0.5,0.5,5456
ok,2024-05-08 14:00:00,0.51,0.51,0.49,0.49,32412
ok,2024-05-08 14:30:00,0.49,0.51,0.49,0.5,4620
ok,2024-05-08 15:00:00,0.51,0.51,0.51,0.51,893
ok,2024-05-08 15:30:00,0.51,0.51,0.51,0.51,686
ok,2024-05-08 16:30:00,0.51,0.51,0.51,0.51,181
ok,2024-05-08 17:00:00,0.51,0.51,0.51,0.51,504
ok,2024-05-09 05:30:00,0.5,0.5,0.49,0.5,968
ok,2024-05-09 06:00:00,0.5,0.5,0.48,0.48,5098
ok,2024-05-09 07:00:00,0.48,0.48,0.47,0.48,2611
ok,2024-05-09 07:30:00,0.49,0.5,0.49,0.5,414
ok,2024-05-09 08:00:00,0.51,0.51,0.5,0.5,1125
ok,2024-05-09 08:30:00,0.5,0.52,0.5,0.51,17510
ok,2024-05-09 09:00:00,0.51,0.51,0.49,0.5,14447
ok,2024-05-09 09:30:00,0.5,0.5,0.48,0.5,17333
ok,2024-05-09 10:00:00,0.5,0.51,0.5,0.51,14426
ok,2024-05-09 10:30:00,0.51,0.51,0.49,0.5,13229
ok,2024-05-09 11:00:00,0.5,0.51,0.49,0.5,8028
ok,2024-05-09 11:30:00,0.5,0.51,0.5,0.51,5032
ok,2024-05-09 12:00:00,0.5,0.5,0.5,0.5,8620
ok,2024-05-09 12:30:00,0.5,0.5,0.5,0.5,12109
ok,2024-05-09 13:00:00,0.5,0.5,0.5,0.5,8011
ok,2024-05-09 13:30:00,0.5,0.5,0.49,0.49,10879
ok,2024-05-09 14:00:00,0.49,0.49,0.49,0.49,17373
ok,2024-05-09 14:30:00,0.5,0.5,0.49,0.5,11643
ok,2024-05-09 15:00:00,0.51,0.51,0.5,0.5,506
ok,2024-05-09 15:30:00,0.5,0.5,0.5,0.5,102
ok,2024-05-09 17:30:00,0.5,0.5,0.5,0.5,129
ok,2024-05-09 18:30:00,0.51,0.51,0.51,0.51,3708
ok,2024-05-10 07:00:00,0.49,0.5,0.49,0.5,1088
ok,2024-05-10 08:30:00,0.51,0.52,0.5,0.52,8979
ok,2024-05-10 09:00:00,0.51,0.51,0.5,0.5,5875
ok,2024-05-10 09:30:00,0.5,0.52,0.5,0.51,3643
ok,2024-05-10 10:00:00,0.51,0.52,0.5,0.51,4579
ok,2024-05-10 10:30:00,0.51,0.51,0.5,0.51,2822
ok,2024-05-10 11:00:00,0.51,0.51,0.5,0.5,622
ok,2024-05-10 11:30:00,0.5,0.51,0.5,0.5,31841
ok,2024-05-10 12:00:00,0.5,0.51,0.5,0.51,11791
ok,2024-05-10 12:30:00,0.51,0.55,0.51,0.55,81112
ok,2024-05-10 13:00:00,0.55,0.56,0.52,0.56,125224
ok,2024-05-10 13:30:00,0.56,0.57,0.55,0.56,38613
ok,2024-05-10 14:00:00,0.56,0.57,0.56,0.56,17338
ok,2024-05-10 14:30:00,0.56,0.57,0.56,0.57,51667
ok,2024-05-10 15:00:00,0.57,0.57,0.57,0.57,2523
ok,2024-05-10 15:30:00,0.57,0.57,0.57,0.57,36066
ok,2024-05-10 16:00:00,0.57,0.57,0.56,0.57,2582
ok,2024-05-10 16:30:00,0.57,0.59,0.57,0.59,13918
ok,2024-05-10 17:00:00,0.59,0.59,0.59,0.59,3587
ok,2024-05-10 17:30:00,0.57,0.59,0.57,0.59,2261
ok,2024-05-10 18:30:00,0.58,0.59,0.57,0.59,4493
ok,2024-05-13 03:00:00,0.59,0.64,0.59,0.6,8389
ok,2024-05-13 03:30:00,0.6,0.6,0.6,0.6,1354
ok,2024-05-13 04:00:00,0.61,0.61,0.6,0.6,3059
ok,2024-05-13 04:30:00,0.59,0.6,0.59,0.6,2554
ok,2024-05-13 05:00:00,0.6,0.6,0.58,0.6,1292
ok,2024-05-13 05:30:00,0.58,0.58,0.58,0.58,600
ok,2024-05-13 07:00:00,0.6,0.6,0.56,0.6,43849
ok,2024-05-13 07:30:00,0.6,0.6,0.58,0.59,22929
ok,2024-05-13 08:00:00,0.58,0.65,0.58,0.63,39670
ok,2024-05-13 08:30:00,0.64,0.66,0.59,0.59,297309
ok,2024-05-13 09:00:00,0.59,0.62,0.58,0.6,175996
ok,2024-05-13 09:30:00,0.6,0.65,0.6,0.63,83889
ok,2024-05-13 10:00:00,0.63,0.64,0.6,0.61,92316
ok,2024-05-13 10:30:00,0.62,0.63,0.62,0.62,12491
ok,2024-05-13 11:00:00,0.62,0.65,0.62,0.64,98295
ok,2024-05-13 11:30:00,0.64,0.64,0.63,0.64,41143
ok,2024-05-13 12:00:00,0.64,0.64,0.62,0.63,42565
ok,2024-05-13 12:30:00,0.63,0.64,0.63,0.64,35671
ok,2024-05-13 13:00:00,0.64,0.65,0.64,0.65,47138
ok,2024-05-13 13:30:00,0.65,0.67,0.63,0.63,85686
ok,2024-05-13 14:00:00,0.63,0.65,0.63,0.65,32012
ok,2024-05-13 14:30:00,0.65,0.65,0.63,0.63,76122
ok,2024-05-13 15:00:00,0.63,0.66,0.63,0.66,16874
ok,2024-05-13 15:30:00,0.65,0.65,0.62,0.65,9875
ok,2024-05-13 16:00:00,0.65,0.66,0.65,0.65,9648
ok,2024-05-13 16:30:00,0.66,0.66,0.65,0.65,4480
ok,2024-05-13 17:00:00,0.66,0.67,0.66,0.67,22205
ok,2024-05-13 17:30:00,0.66,0.68,0.66,0.68,9666
ok,2024-05-13 18:00:00,0.67,0.68,0.67,0.67,3124
ok,2024-05-13 18:30:00,0.64,0.67,0.63,0.63,8913
ok,2024-05-14 08:00:00,3.34,4.1,3.34,3.76,79105
ok,2024-05-14 08:30:00,3.7,4.25,3.4,3.82,487302
ok,2024-05-14 09:00:00,3.85,3.9,3.62,3.66,42940
ok,2024-05-14 09:30:00,3.66,3.79,3.54,3.56,49840
ok,2024-05-14 10:00:00,3.54,3.56,3.11,3.34,112475
ok,2024-05-14 10:30:00,3.35,3.63,3.32,3.39,17284
ok,2024-05-14 11:00:00,3.39,3.39,3.2,3.21,21750
ok,2024-05-14 11:30:00,3.2,3.29,3.05,3.06,26733
ok,2024-05-14 12:00:00,3.07,3.1,2.87,2.94,30766
ok,2024-05-14 12:30:00,2.89,3.17,2.84,3.09,31904
ok,2024-05-14 13:00:00,3.08,3.26,3.0,3.02,42669
ok,2024-05-14 13:30:00,3.06,3.14,3.0,3.01,20880
ok,2024-05-14 14:00:00,3.09,3.22,3.0,3.06,27927
ok,2024-05-14 14:30:00,3.11,3.25,3.1,3.14,40731
ok,2024-05-14 15:00:00,3.11,3.36,3.1,3.26,10886
ok,2024-05-14 15:30:00,3.24,3.24,3.18,3.2,304
ok,2024-05-14 16:00:00,3.2,3.2,3.2,3.2,153
ok,2024-05-14 16:30:00,3.17,3.17,3.17,3.17,100
ok,2024-05-14 17:30:00,3.09,3.09,3.09,3.09,182
ok,2024-05-14 18:00:00,3.17,3.17,3.17,3.17,275
ok,2024-05-14 18:30:00,3.09,3.22,3.03,3.07,2908
ok,2024-05-15 03:00:00,3.22,3.3,3.22,3.3,657
ok,2024-05-15 04:30:00,3.17,3.17,3.17,3.17,700
ok,2024-05-15 05:00:00,3.15,3.15,3.15,3.15,100
ok,2024-05-15 05:30:00,3.15,3.15,3.15,3.15,100
ok,2024-05-15 06:00:00,3.08,3.08,3.03,3.03,1250
ok,2024-05-15 07:00:00,3.03,3.07,3.03,3.07,3065
ok,2024-05-15 07:30:00,3.06,3.18,3.06,3.14,6091
ok,2024-05-15 08:00:00,3.08,3.08,3.06,3.06,1099
ok,2024-05-15 08:30:00,3.05,3.14,2.82,2.96,25792
ok,2024-05-15 09:00:00,2.98,3.07,2.88,2.9,19805
ok,2024-05-15 09:30:00,2.88,3.14,2.83,3.09,56674
ok,2024-05-15 10:00:00,3.05,3.37,3.04,3.35,46890
ok,2024-05-15 10:30:00,3.35,3.35,3.15,3.32,26666
ok,2024-05-15 11:00:00,3.31,3.45,3.28,3.41,23796
ok,2024-05-15 11:30:00,3.4,3.59,3.33,3.44,42683
ok,2024-05-15 12:00:00,3.43,3.62,3.4,3.55,123530
ok,2024-05-15 12:30:00,3.54,3.58,3.27,3.41,44842
ok,2024-05-15 13:00:00,3.4,3.74,3.4,3.73,57268
ok,2024-05-15 13:30:00,3.67,3.77,3.36,3.55,36881
ok,2024-05-15 14:00:00,3.54,3.62,3.5,3.6,23170
ok,2024-05-15 14:30:00,3.51,3.6,3.42,3.48,32776
ok,2024-05-15 15:00:00,3.65,4.1,3.45,3.88,33428
ok,2024-05-15 15:30:00,3.89,4.67,3.88,4.46,204368
ok,2024-05-15 16:00:00,4.45,4.45,4.15,4.28,28963
ok,2024-05-15 16:30:00,4.25,4.32,4.02,4.1,21372
ok,2024-05-15 17:00:00,4.09,4.2,3.9,4.1,15861
ok,2024-05-15 17:30:00,3.91,4.19,3.91,4.0,5547
ok,2024-05-15 18:00:00,4.08,4.08,3.85,3.85,1341
ok,2024-05-15 18:30:00,3.86,3.9,3.62,3.7,5941
ok,2024-05-16 03:00:00,3.8,3.8,3.63,3.74,1697
ok,2024-05-16 03:30:00,3.71,3.71,3.25,3.35,9825
ok,2024-05-16 04:00:00,3.33,3.5,3.33,3.5,417
ok,2024-05-16 04:30:00,3.35,3.39,3.31,3.34,4224
ok,2024-05-16 05:00:00,3.36,3.37,3.33,3.33,2155
ok,2024-05-16 05:30:00,3.35,3.35,3.35,3.35,100
ok,2024-05-16 06:00:00,3.37,3.37,3.27,3.35,4257
ok,2024-05-16 06:30:00,3.41,3.41,3.15,3.18,6759
ok,2024-05-16 07:00:00,3.33,3.4,3.18,3.18,10522
ok,2024-05-16 07:30:00,3.25,3.36,3.17,3.25,2193
ok,2024-05-16 08:00:00,3.2,3.24,3.2,3.24,521
ok,2024-05-16 08:30:00,3.27,3.43,2.82,3.03,70131
ok,2024-05-16 09:00:00,3.04,3.07,2.85,2.9,26244
ok,2024-05-16 09:30:00,2.91,3.05,2.54,2.84,54773
ok,2024-05-16 10:00:00,2.85,2.91,2.83,2.88,5113
ok,2024-05-16 10:30:00,2.88,2.95,2.83,2.83,10559
ok,2024-05-16 11:00:00,2.83,2.96,2.75,2.78,13544
ok,2024-05-16 11:30:00,2.75,2.77,2.66,2.69,10625
ok,2024-05-16 12:00:00,2.73,2.93,2.7,2.8,7116
ok,2024-05-16 12:30:00,2.8,2.81,2.69,2.7,15454
ok,2024-05-16 13:00:00,2.74,2.88,2.7,2.73,9377
ok,2024-05-16 13:30:00,2.71,2.89,2.69,2.74,1618
ok,2024-05-16 14:00:00,2.74,2.89,2.71,2.89,12759
ok,2024-05-16 14:30:00,2.79,2.91,2.74,2.79,36143
ok,2024-05-16 15:00:00,2.73,2.73,2.73,2.73,153
ok,2024-05-16 16:00:00,2.73,2.73,2.73,2.73,426
ok,2024-05-16 16:30:00,2.73,2.73,2.73,2.73,503
ok,2024-05-16 17:00:00,2.74,2.74,2.74,2.74,368
ok,2024-05-16 17:30:00,2.84,2.85,2.84,2.85,390
ok,2024-05-16 18:00:00,2.84,2.84,2.84,2.84,550
ok,2024-05-16 18:30:00,2.73,2.73,2.73,2.73,426
ok,2024-05-17 03:00:00,3.0,3.0,2.74,2.78,971
ok,2024-05-17 03:30:00,2.72,2.72,2.72,2.72,100
ok,2024-05-17 04:00:00,2.72,2.72,2.72,2.72,176
ok,2024-05-17 04:30:00,2.72,2.73,2.72,2.73,734
ok,2024-05-17 05:00:00,2.85,2.85,2.83,2.85,1000
ok,2024-05-17 05:30:00,2.74,2.74,2.73,2.73,1310
ok,2024-05-17 06:00:00,2.84,3.3,2.83,3.0,10314
ok,2024-05-17 06:30:00,3.02,3.03,2.88,3.03,3799
ok,2024-05-17 07:00:00,3.25,3.3,2.88,2.95,16284
ok,2024-05-17 07:30:00,2.82,2.85,2.81,2.83,2148
ok,2024-05-17 08:00:00,2.87,2.87,2.87,2.87,261
ok,2024-05-17 08:30:00,2.76,2.97,2.72,2.97,64077
ok,2024-05-17 09:00:00,2.97,3.06,2.87,2.99,31601
ok,2024-05-17 09:30:00,2.99,3.04,2.95,2.96,9130
ok,2024-05-17 10:00:00,3.0,3.0,2.84,2.84,23759
ok,2024-05-17 10:30:00,2.9,2.99,2.75,2.99,35965
ok,2024-05-17 11:00:00,2.9,3.0,2.85,2.85,4000
ok,2024-05-17 11:30:00,2.87,2.87,2.83,2.84,3120
ok,2024-05-17 12:00:00,2.84,3.09,2.81,3.06,19890
ok,2024-05-17 12:30:00,3.08,3.15,2.93,3.07,45993
ok,2024-05-17 13:00:00,2.99,3.0,2.93,2.93,2116
ok,2024-05-17 13:30:00,2.92,3.0,2.88,3.0,2807
ok,2024-05-17 14:00:00,2.8,2.97,2.8,2.94,5597
ok,2024-05-17 14:30:00,2.96,2.96,2.91,2.92,14614
ok,2024-05-17 15:00:00,2.98,2.98,2.91,2.94,1362
ok,2024-05-17 15:30:00,3.05,3.05,2.99,2.99,11550
ok,2024-05-17 16:00:00,3.18,3.21,3.16,3.16,2329
ok,2024-05-17 17:00:00,3.0,3.0,3.0,3.0,122
ok,2024-05-17 17:30:00,3.0,3.03,3.0,3.03,311
ok,2024-05-17 18:00:00,3.01,3.01,3.01,3.01,268
ok,2024-05-17 18:30:00,3.0,3.0,3.0,3.0,660
ok,2024-05-20 03:00:00,3.0,3.0,3.0,3.0,188
ok,2024-05-20 05:00:00,2.98,2.98,2.96,2.96,297
ok,2024-05-20 06:00:00,3.19,3.36,3.0,3.17,5939
ok,2024-05-20 06:30:00,3.29,3.37,3.29,3.37,2444
ok,2024-05-20 07:00:00,3.25,4.2,2.98,3.35,255839
ok,2024-05-20 07:30:00,3.39,3.53,3.26,3.3,22294
ok,2024-05-20 08:00:00,3.32,3.39,3.16,3.16,11944
ok,2024-05-20 08:30:00,3.03,3.58,3.03,3.21,153335
ok,2024-05-20 09:00:00,3.25,3.32,3.02,3.14,58400
ok,2024-05-20 09:30:00,3.19,3.19,3.04,3.19,14622
ok,2024-05-20 10:00:00,3.16,3.16,3.08,3.1,1900
ok,2024-05-20 10:30:00,3.1,3.3,3.1,3.12,11152
ok,2024-05-20 11:00:00,3.1,3.19,2.93,3.18,25401
ok,2024-05-20 11:30:00,3.14,3.18,3.1,3.1,5233
ok,2024-05-20 12:00:00,3.1,3.13,3.05,3.09,6536
ok,2024-05-20 12:30:00,3.05,3.09,3.04,3.04,8391
ok,2024-05-20 13:00:00,3.06,3.06,3.0,3.05,12305
ok,2024-05-20 13:30:00,3.06,3.11,3.03,3.1,6715
ok,2024-05-20 14:00:00,3.12,3.2,3.1,3.13,15494
ok,2024-05-20 14:30:00,3.13,3.19,3.08,3.18,18939
ok,2024-05-20 15:00:00,3.2,3.3,3.09,3.27,5349
ok,2024-05-20 15:30:00,3.18,3.26,3.1,3.1,9285
ok,2024-05-20 16:00:00,3.18,3.18,3.15,3.15,640
ok,2024-05-20 17:00:00,3.1,3.15,3.1,3.11,1903
ok,2024-05-20 17:30:00,3.11,3.11,3.08,3.11,2200
ok,2024-05-20 18:30:00,3.18,3.18,3.1,3.1,555
ok,2024-05-21 03:00:00,3.16,3.16,3.16,3.16,195
ok,2024-05-21 04:30:00,3.11,3.11,3.11,3.11,911
ok,2024-05-21 05:00:00,3.15,3.28,3.15,3.28,2605
ok,2024-05-21 06:00:00,3.21,3.21,3.17,3.2,1373
ok,2024-05-21 06:30:00,3.21,3.21,3.21,3.21,100
ok,2024-05-21 07:00:00,3.16,3.25,3.13,3.21,14415
ok,2024-05-21 07:30:00,3.14,3.16,3.09,3.09,4133
ok,2024-05-21 08:00:00,3.13,3.14,3.1,3.1,1220
ok,2024-05-21 08:30:00,3.08,3.09,2.87,2.92,16152
ok,2024-05-21 09:00:00,2.95,3.09,2.91,2.96,32974
ok,2024-05-21 09:30:00,2.96,2.99,2.95,2.99,7877
ok,2024-05-21 10:00:00,3.02,3.02,2.97,2.99,7440
ok,2024-05-21 10:30:00,3.06,3.06,3.0,3.02,8063
ok,2024-05-21 11:00:00,3.02,3.02,2.99,2.99,1584
ok,2024-05-21 11:30:00,2.98,2.98,2.93,2.93,2405
ok,2024-05-21 12:00:00,3.0,3.04,2.92,3.04,5019
ok,2024-05-21 12:30:00,3.05,3.39,3.01,3.25,181263
ok,2024-05-21 13:00:00,3.22,3.36,3.11,3.15,85175
ok,2024-05-21 13:30:00,3.15,3.28,3.11,3.2,21478
ok,2024-05-21 14:00:00,3.21,3.34,3.17,3.25,33869
ok,2024-05-21 14:30:00,3.3,3.37,3.21,3.25,63476
ok,2024-05-21 15:00:00,3.15,3.3,3.15,3.3,7388
ok,2024-05-21 15:30:00,3.23,3.3,3.23,3.23,5849
ok,2024-05-21 16:00:00,3.23,3.27,3.23,3.27,1700
ok,2024-05-21 16:30:00,3.23,3.3,3.23,3.3,850
ok,2024-05-21 17:00:00,3.23,3.25,3.2,3.2,300
ok,2024-05-21 17:30:00,3.21,3.21,3.2,3.2,2000
ok,2024-05-21 18:00:00,3.21,3.21,3.21,3.21,840
ok,2024-05-21 18:30:00,3.25,3.33,3.25,3.33,4275
ok,2024-05-22 04:30:00,3.19,3.2,3.15,3.15,3287
ok,2024-05-22 06:00:00,3.3,3.3,3.15,3.16,2050
ok,2024-05-22 06:30:00,3.15,3.15,3.14,3.15,2988
ok,2024-05-22 07:00:00,3.15,3.15,3.13,3.14,2810
ok,2024-05-22 07:30:00,3.2,3.2,3.13,3.13,4802
ok,2024-05-22 08:00:00,3.13,3.13,3.02,3.02,6306
ok,2024-05-22 08:30:00,3.08,3.17,3.04,3.13,16255
ok,2024-05-22 09:00:00,3.14,3.28,3.08,3.28,9016
ok,2024-05-22 09:30:00,3.23,3.39,3.18,3.39,16671
ok,2024-05-22 10:00:00,3.34,3.36,3.21,3.31,13714
ok,2024-05-22 10:30:00,3.3,3.3,3.21,3.29,4975
ok,2024-05-22 11:00:00,3.3,3.31,3.21,3.24,13021
ok,2024-05-22 11:30:00,3.29,3.33,3.21,3.33,5361
ok,2024-05-22 12:00:00,3.21,3.22,2.99,3.14,18611
ok,2024-05-22 12:30:00,3.19,3.22,3.11,3.11,5754
ok,2024-05-22 13:00:00,3.17,3.17,3.11,3.17,1502
ok,2024-05-22 13:30:00,3.14,3.24,3.06,3.24,2258
ok,2024-05-22 14:00:00,3.18,3.23,3.07,3.12,16534
ok,2024-05-22 14:30:00,3.18,3.18,3.0,3.16,19047
ok,2024-05-22 15:00:00,3.1,3.1,3.1,3.1,100
ok,2024-05-22 16:30:00,3.1,3.1,2.93,2.93,1852
ok,2024-05-22 17:00:00,2.93,2.93,2.91,2.91,3562
ok,2024-05-22 17:30:00,3.05,3.05,3.05,3.05,401
ok,2024-05-22 18:00:00,2.97,2.97,2.97,2.97,148
ok,2024-05-22 18:30:00,2.98,2.98,2.97,2.97,1498
ok,2024-05-23 05:00:00,2.96,2.96,2.96,2.96,260
ok,2024-05-23 05:30:00,2.96,2.96,2.96,2.96,1600
ok,2024-05-23 07:00:00,2.95,2.95,2.95,2.95,1517
ok,2024-05-23 07:30:00,2.97,2.97,2.97,2.97,801
ok,2024-05-23 08:30:00,2.98,3.08,2.72,2.8,46083
ok,2024-05-23 09:00:00,2.9,2.97,2.77,2.88,9136
ok,2024-05-23 09:30:00,2.9,2.9,2.79,2.81,8966
ok,2024-05-23 10:00:00,2.89,2.89,2.89,2.89,108
ok,2024-05-23 10:30:00,2.82,2.84,2.79,2.84,2210
ok,2024-05-23 11:00:00,2.8,2.8,2.79,2.79,9739
ok,2024-05-23 11:30:00,2.78,2.83,2.63,2.75,22877
ok,2024-05-23 12:00:00,2.7,2.76,2.69,2.76,2333
ok,2024-05-23 12:30:00,2.71,2.74,2.69,2.69,4271
ok,2024-05-23 13:00:00,2.7,2.76,2.65,2.76,9397
ok,2024-05-23 13:30:00,2.68,2.78,2.68,2.78,1335
ok,2024-05-23 14:00:00,2.83,2.83,2.69,2.7,2262
ok,2024-05-23 14:30:00,2.78,2.91,2.69,2.91,16298
ok,2024-05-23 15:00:00,2.71,2.71,2.71,2.71,105
ok,2024-05-23 15:30:00,2.76,2.8,2.75,2.8,1008
ok,2024-05-23 16:00:00,2.67,2.67,2.67,2.67,803
ok,2024-05-23 17:00:00,2.73,2.73,2.67,2.67,446
ok,2024-05-23 17:30:00,2.68,2.68,2.68,2.68,142
ok,2024-05-24 04:30:00,2.79,2.79,2.79,2.79,350
ok,2024-05-24 06:00:00,2.78,3.1,2.78,3.05,12868
ok,2024-05-24 06:30:00,3.06,4.03,3.02,3.11,683978
ok,2024-05-24 07:00:00,2.99,4.2,2.75,3.58,2838993
ok,2024-05-24 07:30:00,3.56,4.31,3.52,3.72,2430696
ok,2024-05-24 08:00:00,3.71,3.73,3.31,3.39,787358
ok,2024-05-24 08:30:00,3.39,3.83,2.9,3.07,3114399
ok,2024-05-24 09:00:00,3.07,3.5,3.03,3.34,1131231
ok,2024-05-24 09:30:00,3.33,3.44,2.97,3.02,450509
ok,2024-05-24 10:00:00,3.02,3.18,3.0,3.02,206516
ok,2024-05-24 10:30:00,3.05,3.25,3.03,3.1,153912
ok,2024-05-24 11:00:00,3.12,3.12,3.02,3.05,59507
ok,2024-05-24 11:30:00,3.05,3.05,2.72,2.83,310958
ok,2024-05-24 12:00:00,2.78,2.85,2.73,2.81,48265
ok,2024-05-24 12:30:00,2.8,2.97,2.75,2.94,42629
ok,2024-05-24 13:00:00,2.92,2.98,2.89,2.92,32083
ok,2024-05-24 13:30:00,2.9,3.14,2.9,3.02,91648
ok,2024-05-24 14:00:00,3.03,3.15,2.99,3.1,60077
ok,2024-05-24 14:30:00,3.1,3.25,3.07,3.15,135435
ok,2024-05-24 15:00:00,3.16,3.16,2.9,2.93,24449
ok,2024-05-24 15:30:00,2.95,3.1,2.82,2.9,31164
ok,2024-05-24 16:00:00,2.95,3.0,2.9,2.94,3177
ok,2024-05-24 16:30:00,2.94,3.08,2.9,3.01,12673
ok,2024-05-24 17:00:00,3.01,3.12,3.01,3.12,6165
ok,2024-05-24 17:30:00,3.1,3.12,3.02,3.11,5625
ok,2024-05-24 18:00:00,3.11,3.12,3.02,3.02,10713
ok,2024-05-24 18:30:00,3.02,3.04,3.01,3.02,4475
ok,2024-05-28 03:00:00,2.98,3.12,2.88,2.95,3352
ok,2024-05-28 03:30:00,2.96,2.96,2.93,2.93,1089
ok,2024-05-28 04:30:00,2.94,2.94,2.93,2.93,430
ok,2024-05-28 05:00:00,2.95,2.95,2.94,2.94,599
ok,2024-05-28 05:30:00,2.96,3.01,2.94,2.99,1500
ok,2024-05-28 06:00:00,2.99,3.01,2.96,3.0,1321
ok,2024-05-28 06:30:00,3.0,3.22,2.99,3.18,13997
ok,2024-05-28 07:00:00,2.96,3.23,2.96,3.14,37973
ok,2024-05-28 07:30:00,3.15,3.23,3.11,3.2,16927
ok,2024-05-28 08:00:00,3.15,3.2,3.1,3.1,13561
ok,2024-05-28 08:30:00,3.04,3.29,3.04,3.24,72592
ok,2024-05-28 09:00:00,3.08,3.15,3.06,3.07,16695
ok,2024-05-28 09:30:00,3.06,3.18,3.06,3.17,13666
ok,2024-05-28 10:00:00,3.18,3.18,3.09,3.18,12578
ok,2024-05-28 10:30:00,3.15,3.16,3.12,3.16,7458
ok,2024-05-28 11:00:00,3.17,3.17,3.12,3.13,14408
ok,2024-05-28 11:30:00,3.14,3.15,3.06,3.06,20387
ok,2024-05-28 12:00:00,3.11,3.11,3.05,3.05,4651
ok,2024-05-28 12:30:00,3.05,3.15,3.05,3.15,7030
ok,2024-05-28 13:00:00,3.13,3.13,3.08,3.13,6888
ok,2024-05-28 13:30:00,3.08,3.1,2.99,2.99,7782
ok,2024-05-28 14:00:00,3.12,3.12,2.99,3.11,2552
ok,2024-05-28 14:30:00,3.11,3.14,3.03,3.09,14330
ok,2024-05-28 15:00:00,2.96,2.96,2.95,2.95,2123
ok,2024-05-28 15:30:00,2.96,2.97,2.94,2.97,5310
ok,2024-05-28 16:00:00,3.01,3.01,3.01,3.01,163
ok,2024-05-28 17:00:00,3.06,3.06,2.96,2.96,1349
ok,2024-05-28 17:30:00,3.05,3.12,3.0,3.0,1100
ok,2024-05-28 18:30:00,3.08,3.08,2.97,2.99,601
ok,2024-05-29 04:00:00,2.93,2.93,2.93,2.93,350
ok,2024-05-29 04:30:00,3.01,3.01,3.01,3.01,268
ok,2024-05-29 06:30:00,3.01,3.01,2.91,2.91,1983
ok,2024-05-29 07:00:00,3.01,3.03,2.94,2.98,2647
ok,2024-05-29 07:30:00,2.86,3.0,2.86,3.0,1500
ok,2024-05-29 08:00:00,2.86,2.86,2.86,2.86,200
ok,2024-05-29 08:30:00,2.84,3.08,2.77,2.84,21639
ok,2024-05-29 09:00:00,2.84,3.0,2.84,2.98,11347
ok,2024-05-29 09:30:00,2.86,2.98,2.86,2.96,3543
ok,2024-05-29 10:00:00,2.91,2.97,2.88,2.91,3182
ok,2024-05-29 10:30:00,2.96,2.96,2.86,2.95,4490
ok,2024-05-29 11:00:00,2.95,3.03,2.85,3.02,3078
ok,2024-05-29 11:30:00,3.03,3.06,3.0,3.05,11997
ok,2024-05-29 12:00:00,3.01,3.3,2.94,3.24,291667
ok,2024-05-29 12:30:00,3.22,3.28,3.13,3.18,55143
ok,2024-05-29 13:00:00,3.18,3.33,3.15,3.28,63049
ok,2024-05-29 13:30:00,3.28,3.34,3.18,3.3,29067
ok,2024-05-29 14:00:00,3.29,3.29,3.17,3.25,17760
ok,2024-05-29 14:30:00,3.26,3.35,3.25,3.31,28538
ok,2024-05-29 15:00:00,3.32,3.42,3.28,3.42,20879
ok,2024-05-29 15:30:00,3.41,3.45,3.27,3.3,28774
ok,2024-05-29 16:00:00,3.35,3.45,3.31,3.42,10730
ok,2024-05-29 16:30:00,3.4,3.4,3.31,3.39,4555
ok,2024-05-29 17:00:00,3.4,3.55,3.36,3.54,23703
ok,2024-05-29 17:30:00,3.55,3.74,3.51,3.68,60952
ok,2024-05-29 18:00:00,3.68,3.69,3.48,3.5,13082
ok,2024-05-29 18:30:00,3.5,3.75,3.37,3.6,44814
ok,2024-05-30 03:00:00,3.75,3.87,3.61,3.84,21842
ok,2024-05-30 03:30:00,3.87,3.99,3.3,3.35,47098
ok,2024-05-30 04:00:00,3.35,3.47,3.33,3.47,4665
ok,2024-05-30 04:30:00,3.43,3.43,3.38,3.39,3521
ok,2024-05-30 05:00:00,3.4,3.43,3.3,3.31,8705
ok,2024-05-30 05:30:00,3.33,3.33,3.33,3.33,685
ok,2024-05-30 06:00:00,3.38,3.62,3.35,3.61,20857
ok,2024-05-30 06:30:00,3.67,3.7,3.53,3.62,19397
ok,2024-05-30 07:00:00,3.39,3.73,3.33,3.5,51770
ok,2024-05-30 07:30:00,3.49,3.49,3.37,3.43,16456
ok,2024-05-30 08:00:00,3.43,3.6,3.4,3.4,15009
ok,2024-05-30 08:30:00,3.31,3.49,3.15,3.25,59803
ok,2024-05-30 09:00:00,3.26,3.39,3.04,3.09,53977
ok,2024-05-30 09:30:00,3.1,3.29,3.05,3.1,28697
ok,2024-05-30 10:00:00,3.14,3.14,2.72,2.77,113770
ok,2024-05-30 10:30:00,2.76,2.82,2.76,2.76,21886
ok,2024-05-30 11:00:00,2.77,2.87,2.77,2.84,7584
ok,2024-05-30 11:30:00,2.84,2.89,2.82,2.89,11753
ok,2024-05-30 12:00:00,2.97,2.98,2.84,2.84,16162
ok,2024-05-30 12:30:00,2.86,2.9,2.84,2.89,3607
ok,2024-05-30 13:00:00,2.85,2.85,2.81,2.85,11158
ok,2024-05-30 13:30:00,2.85,2.9,2.82,2.9,5297
ok,2024-05-30 14:00:00,2.9,3.05,2.88,2.92,118153
ok,2024-05-30 14:30:00,2.93,3.0,2.91,2.91,10999
ok,2024-05-30 15:00:00,2.93,2.99,2.93,2.99,512
ok,2024-05-30 15:30:00,2.97,2.99,2.97,2.99,1410
ok,2024-05-30 16:00:00,2.99,2.99,2.99,2.99,300
ok,2024-05-30 16:30:00,2.95,3.0,2.95,3.0,5156
ok,2024-05-30 17:00:00,3.0,3.0,2.91,2.91,3026
ok,2024-05-30 17:30:00,2.91,2.97,2.91,2.91,1155
ok,2024-05-30 18:30:00,2.97,2.97,2.85,2.85,4478
ok,2024-05-31 03:00:00,2.93,2.93,2.92,2.92,241
ok,2024-05-31 05:00:00,2.9,2.9,2.9,2.9,100
ok,2024-05-31 05:30:00,2.89,2.89,2.89,2.89,129
ok,2024-05-31 06:00:00,2.91,2.93,2.89,2.89,561
ok,2024-05-31 06:30:00,2.93,2.93,2.89,2.89,1000
ok,2024-05-31 07:00:00,2.9,2.94,2.88,2.89,4484
ok,2024-05-31 07:30:00,2.85,2.89,2.85,2.87,1982
ok,2024-05-31 08:00:00,2.86,2.89,2.81,2.89,3657
ok,2024-05-31 08:30:00,2.87,2.89,2.81,2.83,14679
ok,2024-05-31 09:00:00,2.81,2.83,2.73,2.73,20906
ok,2024-05-31 09:30:00,2.73,2.74,2.65,2.73,35893
ok,2024-05-31 10:00:00,2.72,2.72,2.68,2.7,8049
ok,2024-05-31 10:30:00,2.7,2.71,2.67,2.7,4021
ok,2024-05-31 11:00:00,2.68,2.69,2.6,2.63,14329
ok,2024-05-31 11:30:00,2.64,2.68,2.59,2.59,11969
ok,2024-05-31 12:00:00,2.65,2.65,2.59,2.59,3078
ok,2024-05-31 12:30:00,2.59,2.62,2.59,2.62,3646
ok,2024-05-31 13:00:00,2.62,2.66,2.6,2.66,29410
ok,2024-05-31 13:30:00,2.69,2.69,2.66,2.67,3470
ok,2024-05-31 14:00:00,2.67,2.67,2.64,2.65,15610
ok,2024-05-31 14:30:00,2.65,2.65,2.6,2.6,29636
ok,2024-05-31 15:00:00,2.61,2.61,2.6,2.6,1018
ok,2024-05-31 15:30:00,2.61,2.61,2.61,2.61,202
ok,2024-05-31 16:00:00,2.6,2.6,2.6,2.6,200
ok,2024-05-31 16:30:00,2.61,2.61,2.59,2.59,1397
ok,2024-05-31 17:00:00,2.65,2.65,2.6,2.6,613
ok,2024-05-31 17:30:00,2.59,2.71,2.59,2.71,3545
ok,2024-05-31 18:00:00,2.6,2.71,2.6,2.71,600
ok,2024-05-31 18:30:00,2.59,2.59,2.59,2.59,300
ok,2024-06-03 04:30:00,2.61,2.61,2.61,2.61,100
ok,2024-06-03 06:00:00,2.61,2.61,2.61,2.61,250
ok,2024-06-03 06:30:00,2.65,2.65,2.62,2.62,305
ok,2024-06-03 07:00:00,2.61,2.61,2.61,2.61,121
ok,2024-06-03 07:30:00,2.67,2.97,2.65,2.88,67126
ok,2024-06-03 08:00:00,2.85,2.88,2.77,2.77,4724
ok,2024-06-03 08:30:00,2.62,2.77,2.52,2.55,23367
ok,2024-06-03 09:00:00,2.58,2.64,2.56,2.6,14018
ok,2024-06-03 09:30:00,2.56,2.61,2.53,2.55,6837
ok,2024-06-03 10:00:00,2.55,2.55,2.53,2.53,3112
ok,2024-06-03 10:30:00,2.56,2.58,2.56,2.56,3906
ok,2024-06-03 11:00:00,2.57,2.57,2.56,2.56,2102
ok,2024-06-03 11:30:00,2.57,2.57,2.53,2.54,2399
ok,2024-06-03 12:30:00,2.55,2.62,2.55,2.58,3258
ok,2024-06-03 13:00:00,2.58,2.62,2.58,2.62,399
ok,2024-06-03 13:30:00,2.62,2.62,2.55,2.55,2479
ok,2024-06-03 14:00:00,2.58,2.64,2.55,2.6,4817
ok,2024-06-03 14:30:00,2.56,2.67,2.56,2.59,15422
ok,2024-06-03 15:00:00,2.68,2.71,2.55,2.55,3140
ok,2024-06-03 15:30:00,2.7,2.7,2.7,2.7,500
ok,2024-06-03 16:00:00,2.55,2.55,2.52,2.52,2000
ok,2024-06-03 16:30:00,2.52,2.55,2.52,2.53,1735
ok,2024-06-03 17:30:00,2.52,2.52,2.52,2.52,205
ok,2024-06-03 18:30:00,2.52,2.59,2.51,2.59,1900
ok,2024-06-04 06:30:00,2.57,2.57,2.56,2.56,607
ok,2024-06-04 07:00:00,2.56,2.56,2.56,2.56,684
ok,2024-06-04 07:30:00,2.56,2.56,2.56,2.56,191
ok,2024-06-04 08:00:00,2.55,2.55,2.51,2.51,281
ok,2024-06-04 08:30:00,2.52,2.54,2.28,2.37,16957
ok,2024-06-04 09:00:00,2.41,2.43,2.35,2.43,21831
ok,2024-06-04 09:30:00,2.4,2.41,2.36,2.37,7595
ok,2024-06-04 10:00:00,2.37,2.4,2.37,2.39,832
ok,2024-06-04 10:30:00,2.41,2.49,2.39,2.48,22176
ok,2024-06-04 11:00:00,2.47,2.47,2.46,2.47,1203
ok,2024-06-04 11:30:00,2.44,2.49,2.36,2.49,17518
ok,2024-06-04 12:00:00,2.48,2.48,2.37,2.37,707
ok,2024-06-04 12:30:00,2.37,2.47,2.37,2.41,2339
ok,2024-06-04 13:00:00,2.43,2.43,2.38,2.38,232
ok,2024-06-04 13:30:00,2.47,2.47,2.39,2.41,5380
ok,2024-06-04 14:00:00,2.46,2.46,2.4,2.4,753
ok,2024-06-04 14:30:00,2.41,2.49,2.41,2.48,3049
ok,2024-06-04 18:30:00,2.43,2.43,2.43,2.43,205
ok,2024-06-05 03:30:00,2.44,2.45,2.44,2.45,440
ok,2024-06-05 04:30:00,2.42,2.42,2.42,2.42,200
ok,2024-06-05 05:00:00,2.57,2.58,2.57,2.58,467
ok,2024-06-05 07:00:00,2.41,2.41,2.4,2.4,950
ok,2024-06-05 08:00:00,2.42,2.42,2.4,2.4,989
ok,2024-06-05 08:30:00,2.41,2.5,2.32,2.32,13426
ok,2024-06-05 09:00:00,2.33,2.4,2.33,2.4,11868
ok,2024-06-05 09:30:00,2.42,2.42,2.35,2.37,3624
ok,2024-06-05 10:00:00,2.36,2.38,2.36,2.36,3590
ok,2024-06-05 10:30:00,2.36,2.37,2.35,2.36,1403
ok,2024-06-05 11:00:00,2.41,2.42,2.36,2.41,1535
ok,2024-06-05 11:30:00,2.38,2.4,2.38,2.38,3740
ok,2024-06-05 12:00:00,2.39,2.39,2.38,2.39,969
ok,2024-06-05 12:30:00,2.39,2.39,2.39,2.39,1302
ok,2024-06-05 13:00:00,2.39,2.46,2.38,2.46,549
ok,2024-06-05 13:30:00,2.46,2.46,2.39,2.39,3798
ok,2024-06-05 14:00:00,2.41,2.41,2.4,2.4,1170
ok,2024-06-05 14:30:00,2.4,2.44,2.38,2.44,3524
ok,2024-06-05 15:00:00,2.36,2.36,2.34,2.34,2500
ok,2024-06-05 17:00:00,2.35,2.35,2.35,2.35,111
ok,2024-06-06 06:30:00,2.36,2.36,2.35,2.36,1543
ok,2024-06-06 07:00:00,2.35,2.35,2.33,2.33,440
ok,2024-06-06 08:00:00,2.38,2.38,2.36,2.36,299
ok,2024-06-06 08:30:00,2.36,2.37,2.18,2.31,12240
ok,2024-06-06 09:00:00,2.29,2.32,2.28,2.29,3319
ok,2024-06-06 09:30:00,2.29,2.34,2.29,2.34,16065
ok,2024-06-06 10:00:00,2.37,2.37,2.28,2.33,9075
ok,2024-06-06 10:30:00,2.31,2.35,2.31,2.35,1413
ok,2024-06-06 11:00:00,2.4,2.4,2.4,2.4,100
ok,2024-06-06 11:30:00,2.35,2.4,2.35,2.4,2666
ok,2024-06-06 12:00:00,2.4,2.56,2.36,2.55,15222
ok,2024-06-06 12:30:00,2.56,2.63,2.49,2.49,7090
ok,2024-06-06 13:00:00,2.53,2.63,2.44,2.51,19359
ok,2024-06-06 13:30:00,2.5,2.51,2.48,2.48,5527
ok,2024-06-06 14:00:00,2.44,2.6,2.44,2.56,7193
ok,2024-06-06 14:30:00,2.58,2.59,2.56,2.58,10870
ok,2024-06-06 15:00:00,2.58,2.58,2.58,2.58,200
ok,2024-06-06 15:30:00,2.55,2.55,2.4,2.4,2200
ok,2024-06-06 16:00:00,2.58,2.58,2.4,2.43,2244
ok,2024-06-06 18:00:00,2.43,2.43,2.43,2.43,219
ok,2024-06-07 05:30:00,2.46,2.46,2.46,2.46,201
ok,2024-06-07 07:00:00,2.46,2.46,2.46,2.46,913
ok,2024-06-07 07:30:00,2.58,2.58,2.58,2.58,193
ok,2024-06-07 08:30:00,2.51,2.51,2.38,2.44,4604
ok,2024-06-07 09:00:00,2.47,2.47,2.43,2.45,661
ok,2024-06-07 09:30:00,2.5,2.5,2.45,2.45,2702
ok,2024-06-07 10:00:00,2.45,2.46,2.45,2.45,2157
ok,2024-06-07 10:30:00,2.46,2.46,2.45,2.45,1112
ok,2024-06-07 11:00:00,2.53,2.53,2.53,2.53,400
ok,2024-06-07 11:30:00,2.5,2.5,2.5,2.5,1001
ok,2024-06-07 12:00:00,2.46,2.49,2.46,2.49,1760
ok,2024-06-07 12:30:00,2.47,2.49,2.46,2.49,3226
ok,2024-06-07 13:00:00,2.46,2.5,2.42,2.45,7817
ok,2024-06-07 14:00:00,2.42,2.48,2.34,2.38,6641
ok,2024-06-07 14:30:00,2.36,2.38,2.36,2.37,1092
ok,2024-06-07 18:00:00,2.31,2.31,2.31,2.31,881
ok,2024-06-10 05:30:00,2.39,2.4,2.39,2.4,691
ok,2024-06-10 07:30:00,2.33,2.33,2.33,2.33,200
ok,2024-06-10 08:30:00,2.31,2.45,2.31,2.45,3314
ok,2024-06-10 09:00:00,2.39,2.39,2.33,2.33,7425
ok,2024-06-10 09:30:00,2.33,2.33,2.31,2.32,2055
ok,2024-06-10 10:00:00,2.36,2.36,2.36,2.36,100
ok,2024-06-10 10:30:00,2.41,2.41,2.36,2.36,1031
ok,2024-06-10 11:00:00,2.36,2.38,2.36,2.38,1451
ok,2024-06-10 11:30:00,2.36,2.36,2.35,2.35,1494
ok,2024-06-10 12:00:00,2.39,2.39,2.39,2.39,101
ok,2024-06-10 12:30:00,2.39,2.4,2.36,2.36,557
ok,2024-06-10 13:00:00,2.34,2.34,2.34,2.34,100
ok,2024-06-10 13:30:00,2.34,2.34,2.34,2.34,382
ok,2024-06-10 14:00:00,2.35,2.35,2.3,2.3,6930
ok,2024-06-10 14:30:00,2.33,2.36,2.3,2.3,2747
ok,2024-06-10 15:00:00,2.25,2.25,2.25,2.25,500
ok,2024-06-10 16:30:00,2.36,2.36,2.36,2.36,220
ok,2024-06-11 08:30:00,2.28,2.39,2.28,2.39,3812
ok,2024-06-11 09:00:00,2.41,2.41,2.41,2.41,900
ok,2024-06-11 09:30:00,2.33,2.33,2.32,2.33,774
ok,2024-06-11 10:30:00,2.34,2.34,2.34,2.34,487
ok,2024-06-11 11:00:00,2.32,2.4,2.32,2.4,281
ok,2024-06-11 12:00:00,2.39,2.39,2.39,2.39,208
ok,2024-06-11 14:00:00,2.34,2.34,2.34,2.34,201
ok,2024-06-11 14:30:00,2.37,2.4,2.34,2.34,1200
ok,2024-06-11 15:30:00,2.44,2.44,2.25,2.36,1700
ok,2024-06-11 17:00:00,2.27,2.27,2.27,2.27,130
ok,2024-06-12 07:00:00,2.34,2.34,2.34,2.34,320
ok,2024-06-12 08:00:00,2.35,2.35,2.35,2.35,247
ok,2024-06-12 08:30:00,2.46,2.46,2.39,2.41,4234
ok,2024-06-12 09:00:00,2.39,2.39,2.39,2.39,3178
ok,2024-06-12 10:00:00,2.39,2.59,2.38,2.58,34948
ok,2024-06-12 10:30:00,2.48,2.51,2.46,2.51,3856
ok,2024-06-12 11:00:00,2.52,2.52,2.52,2.52,305
ok,2024-06-12 11:30:00,2.45,2.46,2.45,2.46,300
ok,2024-06-12 12:00:00,2.48,2.48,2.48,2.48,2500
ok,2024-06-12 12:30:00,2.46,2.5,2.4,2.41,18935
ok,2024-06-12 13:00:00,2.46,2.46,2.46,2.46,619
ok,2024-06-12 13:30:00,2.46,2.46,2.4,2.41,2818
ok,2024-06-12 14:00:00,2.41,2.42,2.4,2.42,988
ok,2024-06-12 14:30:00,2.42,2.42,2.35,2.38,5448
ok,2024-06-12 18:30:00,2.28,2.28,2.28,2.28,147
ok,2024-06-13 08:00:00,2.36,2.36,2.25,2.25,639
ok,2024-06-13 08:30:00,2.33,2.33,2.32,2.32,629
ok,2024-06-13 09:30:00,2.36,2.44,2.36,2.38,1807
ok,2024-06-13 10:00:00,2.35,2.73,2.35,2.62,104607
ok,2024-06-13 10:30:00,2.63,2.63,2.51,2.62,23961
ok,2024-06-13 11:00:00,2.6,2.7,2.55,2.67,28428
ok,2024-06-13 11:30:00,2.67,2.68,2.62,2.64,8142
ok,2024-06-13 12:00:00,2.61,2.65,2.57,2.57,6004
ok,2024-06-13 12:30:00,2.57,2.58,2.55,2.55,2830
ok,2024-06-13 13:00:00,2.6,2.64,2.52,2.64,3250
ok,2024-06-13 13:30:00,2.63,2.72,2.59,2.69,25122
ok,2024-06-13 14:00:00,2.69,2.72,2.65,2.71,4634
ok,2024-06-13 14:30:00,2.67,2.67,2.63,2.63,4782
ok,2024-06-13 15:00:00,2.63,2.8,2.63,2.7,2601
ok,2024-06-13 15:30:00,2.77,2.77,2.63,2.63,314
ok,2024-06-13 16:00:00,2.63,2.63,2.6,2.6,2931
ok,2024-06-14 06:00:00,2.6,2.61,2.6,2.61,400
ok,2024-06-14 07:00:00,2.6,2.6,2.48,2.48,320
ok,2024-06-14 07:30:00,2.6,2.6,2.47,2.49,1518
ok,2024-06-14 08:00:00,2.69,2.69,2.69,2.69,117
ok,2024-06-14 08:30:00,2.55,2.65,2.43,2.65,6876
ok,2024-06-14 09:00:00,2.56,2.6,2.51,2.51,2345
ok,2024-06-14 09:30:00,2.64,2.64,2.45,2.48,4785
ok,2024-06-14 10:00:00,2.55,2.55,2.55,2.55,250
ok,2024-06-14 10:30:00,2.51,2.51,2.51,2.51,1300
ok,2024-06-14 11:00:00,2.52,2.52,2.52,2.52,242
ok,2024-06-14 11:30:00,2.57,2.57,2.57,2.57,801
ok,2024-06-14 12:00:00,2.53,2.53,2.53,2.53,600
ok,2024-06-14 12:30:00,2.55,2.55,2.55,2.55,541
ok,2024-06-14 13:00:00,2.55,2.55,2.55,2.55,1009
ok,2024-06-14 13:30:00,2.51,2.53,2.51,2.53,2791
ok,2024-06-14 14:00:00,2.62,2.62,2.62,2.62,300
ok,2024-06-14 14:30:00,2.56,2.56,2.34,2.42,21941
ok,2024-06-14 16:00:00,2.48,2.48,2.48,2.48,1441
ok,2024-06-14 16:30:00,2.48,2.48,2.48,2.48,558
ok,2024-06-14 18:30:00,2.42,2.42,2.42,2.42,100
ok,2024-06-17 07:00:00,2.42,2.42,2.3,2.3,1384
ok,2024-06-17 08:30:00,2.46,2.49,2.41,2.49,2359
ok,2024-06-17 09:00:00,2.6,2.6,2.44,2.47,3462
ok,2024-06-17 09:30:00,2.44,2.54,2.44,2.54,2114
ok,2024-06-17 10:00:00,2.51,2.53,2.43,2.43,1522
ok,2024-06-17 10:30:00,2.47,2.47,2.47,2.47,303
ok,2024-06-17 11:00:00,2.47,2.48,2.47,2.48,1318
ok,2024-06-17 11:30:00,2.43,2.43,2.41,2.41,504
ok,2024-06-17 12:00:00,2.46,2.49,2.4,2.47,7077
ok,2024-06-17 12:30:00,2.41,2.48,2.41,2.47,1672
ok,2024-06-17 13:00:00,2.47,2.5,2.4,2.5,4982
ok,2024-06-17 13:30:00,2.42,2.42,2.23,2.33,11563
ok,2024-06-17 14:00:00,2.33,2.33,2.33,2.33,200
ok,2024-06-17 14:30:00,2.34,2.43,2.33,2.33,6201
ok,2024-06-18 06:00:00,2.3,2.3,2.3,2.3,100
ok,2024-06-18 07:30:00,2.26,2.37,2.26,2.37,1584
ok,2024-06-18 08:30:00,2.35,2.52,2.32,2.52,17626
ok,2024-06-18 09:00:00,2.52,2.52,2.27,2.39,17842
ok,2024-06-18 09:30:00,2.33,2.38,2.2,2.3,14950
ok,2024-06-18 10:30:00,2.29,2.3,2.28,2.3,2498
ok,2024-06-18 11:00:00,2.31,2.31,2.19,2.29,6950
ok,2024-06-18 11:30:00,2.27,2.29,2.27,2.29,2700
ok,2024-06-18 12:00:00,2.3,2.3,2.28,2.28,3000
ok,2024-06-18 12:30:00,2.29,2.35,2.29,2.33,2829
ok,2024-06-18 13:00:00,2.32,2.34,2.32,2.33,2166
ok,2024-06-18 13:30:00,2.33,2.35,2.32,2.34,3679
ok,2024-06-18 14:00:00,2.33,2.33,2.23,2.29,5681
ok,2024-06-20 07:00:00,2.29,2.29,2.29,2.29,189
ok,2024-06-20 08:30:00,2.27,2.3,2.27,2.29,755
ok,2024-06-20 09:30:00,2.25,2.39,2.25,2.39,1035
ok,2024-06-20 10:00:00,2.28,2.3,2.28,2.29,1093
ok,2024-06-20 11:00:00,2.25,2.25,2.25,2.25,154
ok,2024-06-20 12:00:00,2.26,2.3,2.26,2.3,4827
ok,2024-06-20 12:30:00,2.3,2.33,2.3,2.31,2090
ok,2024-06-20 13:30:00,2.31,2.34,2.31,2.32,1270
ok,2024-06-20 14:00:00,2.32,2.32,2.31,2.31,202
ok,2024-06-20 14:30:00,2.31,2.4,2.29,2.29,7529
ok,2024-06-20 16:30:00,2.38,2.38,2.38,2.38,243
ok,2024-06-21 08:30:00,2.4,2.4,2.26,2.32,1603
ok,2024-06-21 09:00:00,2.26,2.28,2.26,2.28,2026
ok,2024-06-21 10:00:00,2.4,2.4,2.4,2.4,500
ok,2024-06-21 10:30:00,2.37,2.4,2.28,2.29,2502
ok,2024-06-21 13:00:00,2.29,2.34,2.28,2.34,1200
ok,2024-06-21 13:30:00,2.29,2.29,2.29,2.29,265
ok,2024-06-21 14:00:00,2.28,2.34,2.28,2.3,1925
ok,2024-06-21 14:30:00,2.31,2.34,2.31,2.33,1180
ok,2024-06-21 16:00:00,2.3,2.3,2.28,2.28,598
